2023-09-12 23:58:07.522312 [info] : Client[23](127.0.0.1:9429) in, userCount:11
2023-09-12 23:58:07.522323 [info] : Client[41](127.0.0.1:49876) quit, UserCount:10
2023-09-12 23:58:07.522416 [info] : Client[36](127.0.0.1:40660) quit, UserCount:10
2023-09-12 23:58:07.522494 [info] : Client[23] in!
2023-09-12 23:58:07.522569 [info] : Client[26](127.0.0.1:10453) in, userCount:11
2023-09-12 23:58:07.522590 [info] : Client[26] in!
2023-09-12 23:58:07.522610 [info] : Client[36](127.0.0.1:12501) in, userCount:12
2023-09-12 23:58:07.522338 [info] : Client[26](127.0.0.1:38612) quit, UserCount:10
2023-09-12 23:58:07.522683 [info] : Client[36] in!
2023-09-12 23:58:07.522709 [info] : Client[30](127.0.0.1:16597) in, userCount:13
2023-09-12 23:58:07.522727 [info] : Client[30] in!
2023-09-12 23:58:07.522744 [info] : Client[27](127.0.0.1:17621) in, userCount:14
2023-09-12 23:58:07.522762 [info] : Client[27] in!
2023-09-12 23:58:07.522780 [info] : Client[28](127.0.0.1:18133) in, userCount:15
2023-09-12 23:58:07.522797 [info] : Client[28] in!
2023-09-12 23:58:07.522814 [info] : Client[29](127.0.0.1:19157) in, userCount:16
2023-09-12 23:58:07.522830 [info] : Client[29] in!
2023-09-12 23:58:07.522847 [info] : Client[39](127.0.0.1:22741) in, userCount:17
2023-09-12 23:58:07.522864 [info] : Client[39] in!
2023-09-12 23:58:07.522952 [info] : Client[40](127.0.0.1:20608) in, userCount:18
2023-09-12 23:58:07.522978 [info] : Client[34] quit!
2023-09-12 23:58:07.522970 [info] : Client[32] quit!
2023-09-12 23:58:07.522986 [info] : Client[35] quit!
2023-09-12 23:58:07.522990 [info] : Client[18] quit!
2023-09-12 23:58:07.522983 [info] : Client[38] quit!
2023-09-12 23:58:07.522977 [info] : Client[33] quit!
2023-09-12 23:58:07.522977 [info] : Client[31] quit!
2023-09-12 23:58:07.523082 [info] : Client[24] quit!
2023-09-12 23:58:07.523042 [info] : Client[37] quit!
2023-09-12 23:58:07.523107 [info] : Client[35](127.0.0.1:1749) quit, UserCount:14
2023-09-12 23:58:07.523094 [info] : Client[34](127.0.0.1:65236) quit, UserCount:15
2023-09-12 23:58:07.522988 [info] : Client[40] in!
2023-09-12 23:58:07.523154 [info] : Client[31](127.0.0.1:64212) quit, UserCount:12
2023-09-12 23:58:07.523140 [info] : Client[32](127.0.0.1:57556) quit, UserCount:12
2023-09-12 23:58:07.523166 [info] : Client[33](127.0.0.1:58580) quit, UserCount:12
2023-09-12 23:58:07.523154 [info] : Client[38](127.0.0.1:7893) quit, UserCount:12
2023-09-12 23:58:07.523171 [info] : Client[31](127.0.0.1:55019) in, userCount:12
2023-09-12 23:58:07.523207 [info] : Client[24](127.0.0.1:60116) quit, UserCount:11
2023-09-12 23:58:07.523210 [info] : Client[31] in!
2023-09-12 23:58:07.523266 [info] : Client[18](127.0.0.1:57066) in, userCount:11
2023-09-12 23:58:07.523287 [info] : Client[18] in!
2023-09-12 23:58:07.523307 [info] : Client[24](127.0.0.1:37612) in, userCount:12
2023-09-12 23:58:07.523324 [info] : Client[24] in!
2023-09-12 23:58:07.523343 [info] : Client[32](127.0.0.1:51435) in, userCount:13
2023-09-12 23:58:07.523362 [info] : Client[32] in!
2023-09-12 23:58:07.523381 [info] : Client[33](127.0.0.1:30440) in, userCount:14
2023-09-12 23:58:07.523214 [info] : Client[18](127.0.0.1:54996) quit, UserCount:10
2023-09-12 23:58:07.523398 [info] : Client[33] in!
2023-09-12 23:58:07.523409 [info] : Client[34](127.0.0.1:50410) in, userCount:15
2023-09-12 23:58:07.523418 [info] : Client[34] in!
2023-09-12 23:58:07.523430 [info] : Client[38](127.0.0.1:65154) in, userCount:16
2023-09-12 23:58:07.523439 [info] : Client[38] in!
2023-09-12 23:58:07.523273 [info] : Client[37](127.0.0.1:4309) quit, UserCount:11
2023-09-12 23:58:07.523458 [info] : Client[45](127.0.0.1:28885) in, userCount:17
2023-09-12 23:58:07.523476 [info] : Client[45] in!
2023-09-12 23:58:07.523492 [info] : Client[37](127.0.0.1:28373) in, userCount:18
2023-09-12 23:58:07.523511 [info] : Client[37] in!
2023-09-12 23:58:07.523528 [info] : Client[35](127.0.0.1:36565) in, userCount:19
2023-09-12 23:58:07.523544 [info] : Client[35] in!
2023-09-12 23:58:07.523561 [info] : Client[41](127.0.0.1:36053) in, userCount:20
2023-09-12 23:58:07.523579 [info] : Client[41] in!
2023-09-12 23:58:07.523658 [info] : Client[23] quit!
2023-09-12 23:58:07.523668 [info] : Client[30] quit!
2023-09-12 23:58:07.523679 [info] : Client[39] quit!
2023-09-12 23:58:07.523677 [info] : Client[26] quit!
2023-09-12 23:58:07.523696 [info] : Client[27] quit!
2023-09-12 23:58:07.523661 [info] : Client[29] quit!
2023-09-12 23:58:07.523681 [info] : Client[36] quit!
2023-09-12 23:58:07.523735 [info] : Client[28] quit!
2023-09-12 23:58:07.523761 [info] : Client[39](127.0.0.1:22741) quit, UserCount:17
2023-09-12 23:58:07.523803 [info] : Client[29](127.0.0.1:19157) quit, UserCount:16
2023-09-12 23:58:07.523772 [info] : Client[26](127.0.0.1:10453) quit, UserCount:17
2023-09-12 23:58:07.523832 [info] : Client[30](127.0.0.1:16597) quit, UserCount:14
2023-09-12 23:58:07.523864 [info] : Client[23](127.0.0.1:9429) quit, UserCount:13
2023-09-12 23:58:07.523931 [info] : Client[26](127.0.0.1:39637) in, userCount:13
2023-09-12 23:58:07.523958 [info] : Client[26] in!
2023-09-12 23:58:07.523983 [info] : Client[28](127.0.0.1:43733) in, userCount:14
2023-09-12 23:58:07.524004 [info] : Client[28] in!
2023-09-12 23:58:07.524026 [info] : Client[23](127.0.0.1:47317) in, userCount:15
2023-09-12 23:58:07.523939 [info] : Client[28](127.0.0.1:18133) quit, UserCount:13
2023-09-12 23:58:07.524041 [info] : Client[36](127.0.0.1:12501) quit, UserCount:15
2023-09-12 23:58:07.523882 [info] : Client[27](127.0.0.1:17621) quit, UserCount:13
2023-09-12 23:58:07.524104 [info] : Client[23] in!
2023-09-12 23:58:07.524126 [info] : Client[36](127.0.0.1:49877) in, userCount:16
2023-09-12 23:58:07.524151 [info] : Client[36] in!
2023-09-12 23:58:07.524177 [info] : Client[27](127.0.0.1:50389) in, userCount:17
2023-09-12 23:58:07.524195 [info] : Client[27] in!
2023-09-12 23:58:07.524216 [info] : Client[29](127.0.0.1:51413) in, userCount:18
2023-09-12 23:58:07.524235 [info] : Client[29] in!
2023-09-12 23:58:07.524255 [info] : Client[43](127.0.0.1:54997) in, userCount:19
2023-09-12 23:58:07.524273 [info] : Client[43] in!
2023-09-12 23:58:07.524290 [info] : Client[39](127.0.0.1:55509) in, userCount:20
2023-09-12 23:58:07.524307 [info] : Client[39] in!
2023-09-12 23:58:07.524379 [info] : Client[40] quit!
2023-09-12 23:58:07.524381 [info] : Client[45] quit!
2023-09-12 23:58:07.524435 [info] : Client[24] quit!
2023-09-12 23:58:07.524381 [info] : Client[31] quit!
2023-09-12 23:58:07.524459 [info] : Client[35] quit!
2023-09-12 23:58:07.524433 [info] : Client[33] quit!
2023-09-12 23:58:07.524483 [info] : Client[18] quit!
2023-09-12 23:58:07.524500 [info] : Client[45](127.0.0.1:28885) quit, UserCount:18
2023-09-12 23:58:07.524458 [info] : Client[41] quit!
2023-09-12 23:58:07.524515 [info] : Client[34] quit!
2023-09-12 23:58:07.524517 [info] : Client[37] quit!
2023-09-12 23:58:07.524545 [info] : Client[40](127.0.0.1:20608) quit, UserCount:15
2023-09-12 23:58:07.524493 [info] : Client[32] quit!
2023-09-12 23:58:07.524570 [info] : Client[24](127.0.0.1:57557) in, userCount:16
2023-09-12 23:58:07.524613 [info] : Client[37](127.0.0.1:28373) quit, UserCount:14
2023-09-12 23:58:07.524524 [info] : Client[38] quit!
2023-09-12 23:58:07.524637 [info] : Client[18](127.0.0.1:57066) quit, UserCount:13
2023-09-12 23:58:07.524660 [info] : Client[32](127.0.0.1:51435) quit, UserCount:11
2023-09-12 23:58:07.524566 [info] : Client[35](127.0.0.1:36565) quit, UserCount:15
2023-09-12 23:58:07.524681 [info] : Client[41](127.0.0.1:36053) quit, UserCount:11
2023-09-12 23:58:07.524547 [info] : Client[24](127.0.0.1:37612) quit, UserCount:15
2023-09-12 23:58:07.524716 [info] : Client[34](127.0.0.1:50410) quit, UserCount:9
2023-09-12 23:58:07.524571 [info] : Client[31](127.0.0.1:55019) quit, UserCount:16
2023-09-12 23:58:07.524669 [info] : Client[24] in!
2023-09-12 23:58:07.524664 [info] : Client[33](127.0.0.1:30440) quit, UserCount:11
2023-09-12 23:58:07.524751 [info] : Client[18](127.0.0.1:61653) in, userCount:10
2023-09-12 23:58:07.524764 [info] : Client[18] in!
2023-09-12 23:58:07.524782 [info] : Client[38](127.0.0.1:65154) quit, UserCount:10
2023-09-12 23:58:07.524785 [info] : Client[30](127.0.0.1:63701) in, userCount:11
2023-09-12 23:58:07.524818 [info] : Client[30] in!
2023-09-12 23:58:07.524846 [info] : Client[31](127.0.0.1:65237) in, userCount:12
2023-09-12 23:58:07.524866 [info] : Client[31] in!
2023-09-12 23:58:07.524886 [info] : Client[32](127.0.0.1:2774) in, userCount:13
2023-09-12 23:58:07.524904 [info] : Client[32] in!
2023-09-12 23:58:07.524921 [info] : Client[33](127.0.0.1:3286) in, userCount:14
2023-09-12 23:58:07.524937 [info] : Client[33] in!
2023-09-12 23:58:07.524954 [info] : Client[34](127.0.0.1:6870) in, userCount:15
2023-09-12 23:58:07.524969 [info] : Client[34] in!
2023-09-12 23:58:07.524987 [info] : Client[35](127.0.0.1:9430) in, userCount:16
2023-09-12 23:58:07.525002 [info] : Client[35] in!
2023-09-12 23:58:07.525020 [info] : Client[37](127.0.0.1:12502) in, userCount:17
2023-09-12 23:58:07.525036 [info] : Client[37] in!
2023-09-12 23:58:07.525053 [info] : Client[38](127.0.0.1:15574) in, userCount:18
2023-09-12 23:58:07.525068 [info] : Client[38] in!
2023-09-12 23:58:07.525139 [info] : Client[39] quit!
2023-09-12 23:58:07.525160 [info] : Client[29] quit!
2023-09-12 23:58:07.525211 [info] : Client[28] quit!
2023-09-12 23:58:07.525218 [info] : Client[43] quit!
2023-09-12 23:58:07.525147 [info] : Client[27] quit!
2023-09-12 23:58:07.525146 [info] : Client[36] quit!
2023-09-12 23:58:07.525184 [info] : Client[23] quit!
2023-09-12 23:58:07.525273 [info] : Client[39](127.0.0.1:55509) quit, UserCount:15
2023-09-12 23:58:07.525278 [info] : Client[26] quit!
2023-09-12 23:58:07.525292 [info] : Client[29](127.0.0.1:51413) quit, UserCount:14
2023-09-12 23:58:07.525299 [info] : Client[28](127.0.0.1:43733) quit, UserCount:14
2023-09-12 23:58:07.525298 [info] : Client[27](127.0.0.1:50389) quit, UserCount:14
2023-09-12 23:58:07.525363 [info] : Client[36](127.0.0.1:49877) quit, UserCount:12
2023-09-12 23:58:07.525388 [info] : Client[27](127.0.0.1:21718) in, userCount:11
2023-09-12 23:58:07.525395 [info] : Client[23](127.0.0.1:47317) quit, UserCount:11
2023-09-12 23:58:07.525407 [info] : Client[43](127.0.0.1:54997) quit, UserCount:11
2023-09-12 23:58:07.525412 [info] : Client[27] in!
2023-09-12 23:58:07.525396 [info] : Client[26](127.0.0.1:39637) quit, UserCount:11
2023-09-12 23:58:07.525467 [info] : Client[26](127.0.0.1:22230) in, userCount:12
2023-09-12 23:58:07.525487 [info] : Client[26] in!
2023-09-12 23:58:07.525506 [info] : Client[29](127.0.0.1:22742) in, userCount:13
2023-09-12 23:58:07.525525 [info] : Client[29] in!
2023-09-12 23:58:07.525544 [info] : Client[23](127.0.0.1:27350) in, userCount:14
2023-09-12 23:58:07.525564 [info] : Client[23] in!
2023-09-12 23:58:07.525583 [info] : Client[36](127.0.0.1:24790) in, userCount:15
2023-09-12 23:58:07.525602 [info] : Client[36] in!
2023-09-12 23:58:07.525622 [info] : Client[39](127.0.0.1:28374) in, userCount:16
2023-09-12 23:58:07.525639 [info] : Client[39] in!
2023-09-12 23:58:07.525658 [info] : Client[28](127.0.0.1:32470) in, userCount:17
2023-09-12 23:58:07.525676 [info] : Client[28] in!
2023-09-12 23:58:07.525694 [info] : Client[40](127.0.0.1:30422) in, userCount:18
2023-09-12 23:58:07.525714 [info] : Client[40] in!
2023-09-12 23:58:07.525776 [info] : Client[34] quit!
2023-09-12 23:58:07.525777 [info] : Client[35] quit!
2023-09-12 23:58:07.525814 [info] : Client[38] quit!
2023-09-12 23:58:07.525827 [info] : Client[33] quit!
2023-09-12 23:58:07.525817 [info] : Client[37] quit!
2023-09-12 23:58:07.525819 [info] : Client[30] quit!
2023-09-12 23:58:07.525821 [info] : Client[31] quit!
2023-09-12 23:58:07.525814 [info] : Client[24] quit!
2023-09-12 23:58:07.525830 [info] : Client[32] quit!
2023-09-12 23:58:07.525863 [info] : Client[18] quit!
2023-09-12 23:58:07.525918 [info] : Client[35](127.0.0.1:9430) quit, UserCount:13
2023-09-12 23:58:07.525947 [info] : Client[33](127.0.0.1:3286) quit, UserCount:12
2023-09-12 23:58:07.525937 [info] : Client[37](127.0.0.1:12502) quit, UserCount:12
2023-09-12 23:58:07.525984 [info] : Client[24](127.0.0.1:35542) in, userCount:11
2023-09-12 23:58:07.525848 [info] : Client[34](127.0.0.1:6870) quit, UserCount:17
2023-09-12 23:58:07.526024 [info] : Client[31](127.0.0.1:65237) quit, UserCount:9
2023-09-12 23:58:07.525963 [info] : Client[30](127.0.0.1:63701) quit, UserCount:11
2023-09-12 23:58:07.526033 [info] : Client[24](127.0.0.1:35542) quit, UserCount:9
2023-09-12 23:58:07.525897 [info] : Client[38](127.0.0.1:15574) quit, UserCount:15
2023-09-12 23:58:07.526081 [info] : Client[32](127.0.0.1:2774) quit, UserCount:9
2023-09-12 23:58:07.526091 [info] : Client[18](127.0.0.1:61653) quit, UserCount:9
2023-09-12 23:58:07.526066 [info] : Client[24] in!
2023-09-12 23:58:07.526149 [info] : Client[18](127.0.0.1:39126) in, userCount:10
2023-09-12 23:58:07.526168 [info] : Client[18] in!
2023-09-12 23:58:07.526187 [info] : Client[30](127.0.0.1:40662) in, userCount:11
2023-09-12 23:58:07.526206 [info] : Client[30] in!
2023-09-12 23:58:07.526224 [info] : Client[31](127.0.0.1:39638) in, userCount:12
2023-09-12 23:58:07.526241 [info] : Client[31] in!
2023-09-12 23:58:07.526259 [info] : Client[34](127.0.0.1:44246) in, userCount:13
2023-09-12 23:58:07.526277 [info] : Client[34] in!
2023-09-12 23:58:07.526293 [info] : Client[32](127.0.0.1:46806) in, userCount:14
2023-09-12 23:58:07.526309 [info] : Client[32] in!
2023-09-12 23:58:07.526326 [info] : Client[33](127.0.0.1:49878) in, userCount:15
2023-09-12 23:58:07.526342 [info] : Client[33] in!
2023-09-12 23:58:07.526362 [info] : Client[35](127.0.0.1:52438) in, userCount:16
2023-09-12 23:58:07.526380 [info] : Client[35] in!
2023-09-12 23:58:07.526457 [info] : Client[36] quit!
2023-09-12 23:58:07.526470 [info] : Client[39] quit!
2023-09-12 23:58:07.526464 [info] : Client[29] quit!
2023-09-12 23:58:07.526495 [info] : Client[40] quit!
2023-09-12 23:58:07.526506 [info] : Client[28] quit!
2023-09-12 23:58:07.526467 [info] : Client[27] quit!
2023-09-12 23:58:07.526459 [info] : Client[23] quit!
2023-09-12 23:58:07.526568 [info] : Client[36](127.0.0.1:24790) quit, UserCount:13
2023-09-12 23:58:07.526500 [info] : Client[26] quit!
2023-09-12 23:58:07.526614 [info] : Client[29](127.0.0.1:22742) quit, UserCount:11
2023-09-12 23:58:07.526637 [info] : Client[27](127.0.0.1:58070) in, userCount:10
2023-09-12 23:58:07.526580 [info] : Client[40](127.0.0.1:30422) quit, UserCount:13
2023-09-12 23:58:07.526644 [info] : Client[28](127.0.0.1:32470) quit, UserCount:10
2023-09-12 23:58:07.526562 [info] : Client[39](127.0.0.1:28374) quit, UserCount:14
2023-09-12 23:58:07.526653 [info] : Client[23](127.0.0.1:27350) quit, UserCount:10
2023-09-12 23:58:07.526656 [info] : Client[27] in!
2023-09-12 23:58:07.526800 [info] : Client[26](127.0.0.1:63702) in, userCount:10
2023-09-12 23:58:07.526638 [info] : Client[27](127.0.0.1:58070) quit, UserCount:10
2023-09-12 23:58:07.526680 [info] : Client[26](127.0.0.1:22230) quit, UserCount:9
2023-09-12 23:58:07.526822 [info] : Client[26] in!
2023-09-12 23:58:07.526948 [info] : Client[28](127.0.0.1:62166) in, userCount:11
2023-09-12 23:58:07.526969 [info] : Client[28] in!
2023-09-12 23:58:07.526989 [info] : Client[23](127.0.0.1:2263) in, userCount:12
2023-09-12 23:58:07.527004 [info] : Client[23] in!
2023-09-12 23:58:07.527023 [info] : Client[29](127.0.0.1:4311) in, userCount:13
2023-09-12 23:58:07.527041 [info] : Client[29] in!
2023-09-12 23:58:07.527060 [info] : Client[36](127.0.0.1:8407) in, userCount:14
2023-09-12 23:58:07.527078 [info] : Client[36] in!
2023-09-12 23:58:07.527097 [info] : Client[38](127.0.0.1:9431) in, userCount:15
2023-09-12 23:58:07.527113 [info] : Client[38] in!
2023-09-12 23:58:07.527132 [info] : Client[37](127.0.0.1:9943) in, userCount:16
2023-09-12 23:58:07.527148 [info] : Client[37] in!
2023-09-12 23:58:07.527212 [info] : Client[18] quit!
2023-09-12 23:58:07.527220 [info] : Client[35] quit!
2023-09-12 23:58:07.527214 [info] : Client[34] quit!
2023-09-12 23:58:07.527242 [info] : Client[33] quit!
2023-09-12 23:58:07.527252 [info] : Client[24] quit!
2023-09-12 23:58:07.527314 [info] : Client[34](127.0.0.1:44246) quit, UserCount:13
2023-09-12 23:58:07.527255 [info] : Client[32] quit!
2023-09-12 23:58:07.527336 [info] : Client[33](127.0.0.1:49878) quit, UserCount:12
2023-09-12 23:58:07.527341 [info] : Client[18](127.0.0.1:39126) quit, UserCount:12
2023-09-12 23:58:07.527363 [info] : Client[30] quit!
2023-09-12 23:58:07.527364 [info] : Client[31] quit!
2023-09-12 23:58:07.527359 [info] : Client[35](127.0.0.1:52438) quit, UserCount:12
2023-09-12 23:58:07.527397 [info] : Client[32](127.0.0.1:46806) quit, UserCount:10
2023-09-12 23:58:07.527460 [info] : Client[30](127.0.0.1:40662) quit, UserCount:10
2023-09-12 23:58:07.527432 [info] : Client[18](127.0.0.1:14551) in, userCount:10
2023-09-12 23:58:07.527498 [info] : Client[18] in!
2023-09-12 23:58:07.527510 [info] : Client[31](127.0.0.1:39638) quit, UserCount:9
2023-09-12 23:58:07.527379 [info] : Client[24](127.0.0.1:35542) quit, UserCount:11
2023-09-12 23:58:07.527521 [info] : Client[24](127.0.0.1:12503) in, userCount:10
2023-09-12 23:58:07.527575 [info] : Client[24] in!
2023-09-12 23:58:07.527588 [info] : Client[30](127.0.0.1:16599) in, userCount:11
2023-09-12 23:58:07.527623 [info] : Client[30] in!
2023-09-12 23:58:07.527643 [info] : Client[34](127.0.0.1:18647) in, userCount:12
2023-09-12 23:58:07.527658 [info] : Client[34] in!
2023-09-12 23:58:07.527675 [info] : Client[31](127.0.0.1:22231) in, userCount:13
2023-09-12 23:58:07.527691 [info] : Client[31] in!
2023-09-12 23:58:07.527708 [info] : Client[32](127.0.0.1:23767) in, userCount:14
2023-09-12 23:58:07.527724 [info] : Client[32] in!
2023-09-12 23:58:07.527741 [info] : Client[33](127.0.0.1:25815) in, userCount:15
2023-09-12 23:58:07.527757 [info] : Client[33] in!
2023-09-12 23:58:07.527774 [info] : Client[35](127.0.0.1:29911) in, userCount:16
2023-09-12 23:58:07.527795 [info] : Client[35] in!
2023-09-12 23:58:07.527864 [info] : Client[36] quit!
2023-09-12 23:58:07.527873 [info] : Client[29] quit!
2023-09-12 23:58:07.527875 [info] : Client[26] quit!
2023-09-12 23:58:07.527933 [info] : Client[37] quit!
2023-09-12 23:58:07.527923 [info] : Client[27] quit!
2023-09-12 23:58:07.527929 [info] : Client[23] quit!
2023-09-12 23:58:07.527961 [info] : Client[29](127.0.0.1:4311) quit, UserCount:14
2023-09-12 23:58:07.527949 [info] : Client[38] quit!
2023-09-12 23:58:07.527925 [info] : Client[28] quit!
2023-09-12 23:58:07.527979 [info] : Client[36](127.0.0.1:8407) quit, UserCount:13
2023-09-12 23:58:07.528014 [info] : Client[26](127.0.0.1:63702) quit, UserCount:12
2023-09-12 23:58:07.528047 [info] : Client[23](127.0.0.1:2263) quit, UserCount:11
2023-09-12 23:58:07.528054 [info] : Client[37](127.0.0.1:9943) quit, UserCount:11
2023-09-12 23:58:07.528095 [info] : Client[27](127.0.0.1:58070) quit, UserCount:8
2023-09-12 23:58:07.528108 [info] : Client[28](127.0.0.1:62166) quit, UserCount:8
2023-09-12 23:58:07.528201 [info] : Client[38](127.0.0.1:9431) quit, UserCount:9
2023-09-12 23:58:07.528201 [info] : Client[26](127.0.0.1:30935) in, userCount:9
2023-09-12 23:58:07.528268 [info] : Client[26] in!
2023-09-12 23:58:07.528293 [info] : Client[27](127.0.0.1:31447) in, userCount:10
2023-09-12 23:58:07.528310 [info] : Client[27] in!
2023-09-12 23:58:07.528329 [info] : Client[23](127.0.0.1:39127) in, userCount:11
2023-09-12 23:58:07.528345 [info] : Client[23] in!
2023-09-12 23:58:07.528363 [info] : Client[29](127.0.0.1:43223) in, userCount:12
2023-09-12 23:58:07.528400 [info] : Client[29] in!
2023-09-12 23:58:07.528423 [info] : Client[28](127.0.0.1:45271) in, userCount:13
2023-09-12 23:58:07.528455 [info] : Client[28] in!
2023-09-12 23:58:07.528479 [info] : Client[37](127.0.0.1:47831) in, userCount:14
2023-09-12 23:58:07.528498 [info] : Client[37] in!
2023-09-12 23:58:07.528519 [info] : Client[36](127.0.0.1:51415) in, userCount:15
2023-09-12 23:58:07.528538 [info] : Client[36] in!
2023-09-12 23:58:07.528559 [info] : Client[38](127.0.0.1:50903) in, userCount:16
2023-09-12 23:58:07.528578 [info] : Client[38] in!
2023-09-12 23:58:07.528636 [info] : Client[30] quit!
2023-09-12 23:58:07.528672 [info] : Client[18] quit!
2023-09-12 23:58:07.528694 [info] : Client[32] quit!
2023-09-12 23:58:07.528698 [info] : Client[35] quit!
2023-09-12 23:58:07.528691 [info] : Client[31] quit!
2023-09-12 23:58:07.528649 [info] : Client[24] quit!
2023-09-12 23:58:07.528697 [info] : Client[30](127.0.0.1:16599) quit, UserCount:15
2023-09-12 23:58:07.528770 [info] : Client[32](127.0.0.1:23767) quit, UserCount:12
2023-09-12 23:58:07.528774 [info] : Client[33] quit!
2023-09-12 23:58:07.528792 [info] : Client[31](127.0.0.1:22231) quit, UserCount:11
2023-09-12 23:58:07.528806 [info] : Client[18](127.0.0.1:14551) quit, UserCount:10
2023-09-12 23:58:07.528807 [info] : Client[34] quit!
2023-09-12 23:58:07.528853 [info] : Client[33](127.0.0.1:25815) quit, UserCount:10
2023-09-12 23:58:07.528859 [info] : Client[24](127.0.0.1:12503) quit, UserCount:10
2023-09-12 23:58:07.528783 [info] : Client[35](127.0.0.1:29911) quit, UserCount:11
2023-09-12 23:58:07.528905 [info] : Client[18](127.0.0.1:58583) in, userCount:9
2023-09-12 23:58:07.528906 [info] : Client[34](127.0.0.1:18647) quit, UserCount:9
2023-09-12 23:58:07.528944 [info] : Client[18] in!
2023-09-12 23:58:07.528965 [info] : Client[24](127.0.0.1:60631) in, userCount:10
2023-09-12 23:58:07.528983 [info] : Client[24] in!
2023-09-12 23:58:07.529002 [info] : Client[32](127.0.0.1:62167) in, userCount:11
2023-09-12 23:58:07.529018 [info] : Client[32] in!
2023-09-12 23:58:07.529036 [info] : Client[31](127.0.0.1:63191) in, userCount:12
2023-09-12 23:58:07.529052 [info] : Client[31] in!
2023-09-12 23:58:07.529069 [info] : Client[30](127.0.0.1:1752) in, userCount:13
2023-09-12 23:58:07.529085 [info] : Client[30] in!
2023-09-12 23:58:07.529102 [info] : Client[33](127.0.0.1:3288) in, userCount:14
2023-09-12 23:58:07.529119 [info] : Client[33] in!
2023-09-12 23:58:07.529136 [info] : Client[34](127.0.0.1:7384) in, userCount:15
2023-09-12 23:58:07.529151 [info] : Client[34] in!
2023-09-12 23:58:07.529167 [info] : Client[35](127.0.0.1:11480) in, userCount:16
2023-09-12 23:58:07.529186 [info] : Client[35] in!
2023-09-12 23:58:07.529246 [info] : Client[36] quit!
2023-09-12 23:58:07.529269 [info] : Client[29] quit!
2023-09-12 23:58:07.529292 [info] : Client[37] quit!
2023-09-12 23:58:07.529269 [info] : Client[38] quit!
2023-09-12 23:58:07.529312 [info] : Client[27] quit!
2023-09-12 23:58:07.529332 [info] : Client[36](127.0.0.1:51415) quit, UserCount:15
2023-09-12 23:58:07.529370 [info] : Client[26] quit!
2023-09-12 23:58:07.529378 [info] : Client[28] quit!
2023-09-12 23:58:07.529424 [info] : Client[38](127.0.0.1:50903) quit, UserCount:11
2023-09-12 23:58:07.529413 [info] : Client[23] quit!
2023-09-12 23:58:07.529446 [info] : Client[29](127.0.0.1:43223) quit, UserCount:10
2023-09-12 23:58:07.529449 [info] : Client[37](127.0.0.1:47831) quit, UserCount:11
2023-09-12 23:58:07.529422 [info] : Client[27](127.0.0.1:31447) quit, UserCount:11
2023-09-12 23:58:07.529471 [info] : Client[26](127.0.0.1:13016) in, userCount:10
2023-09-12 23:58:07.529444 [info] : Client[26](127.0.0.1:30935) quit, UserCount:10
2023-09-12 23:58:07.529494 [info] : Client[28](127.0.0.1:45271) quit, UserCount:9
2023-09-12 23:58:07.529540 [info] : Client[26] in!
2023-09-12 23:58:07.529509 [info] : Client[23](127.0.0.1:39127) quit, UserCount:9
2023-09-12 23:58:07.529569 [info] : Client[23](127.0.0.1:16600) in, userCount:10
2023-09-12 23:58:07.529607 [info] : Client[23] in!
2023-09-12 23:58:07.529625 [info] : Client[38](127.0.0.1:17112) in, userCount:11
2023-09-12 23:58:07.529642 [info] : Client[38] in!
2023-09-12 23:58:07.529659 [info] : Client[27](127.0.0.1:23768) in, userCount:12
2023-09-12 23:58:07.529677 [info] : Client[27] in!
2023-09-12 23:58:07.529693 [info] : Client[28](127.0.0.1:24792) in, userCount:13
2023-09-12 23:58:07.529710 [info] : Client[28] in!
2023-09-12 23:58:07.529728 [info] : Client[29](127.0.0.1:25816) in, userCount:14
2023-09-12 23:58:07.529744 [info] : Client[29] in!
2023-09-12 23:58:07.529760 [info] : Client[36](127.0.0.1:27864) in, userCount:15
2023-09-12 23:58:07.529777 [info] : Client[36] in!
2023-09-12 23:58:07.529794 [info] : Client[37](127.0.0.1:28888) in, userCount:16
2023-09-12 23:58:07.529809 [info] : Client[37] in!
2023-09-12 23:58:07.529878 [info] : Client[35] quit!
2023-09-12 23:58:07.529883 [info] : Client[34] quit!
2023-09-12 23:58:07.529929 [info] : Client[18] quit!
2023-09-12 23:58:07.529937 [info] : Client[35](127.0.0.1:11480) quit, UserCount:15
2023-09-12 23:58:07.529894 [info] : Client[24] quit!
2023-09-12 23:58:07.529936 [info] : Client[33] quit!
2023-09-12 23:58:07.529898 [info] : Client[31] quit!
2023-09-12 23:58:07.529941 [info] : Client[32] quit!
2023-09-12 23:58:07.530044 [info] : Client[24](127.0.0.1:60631) quit, UserCount:12
2023-09-12 23:58:07.530046 [info] : Client[34](127.0.0.1:7384) quit, UserCount:12
2023-09-12 23:58:07.530071 [info] : Client[18](127.0.0.1:32984) quit, UserCount:12
2023-09-12 23:58:07.530079 [info] : Client[18](127.0.0.1:32984) in, userCount:12
2023-09-12 23:58:07.530092 [info] : Client[33](127.0.0.1:3288) quit, UserCount:11
2023-09-12 23:58:07.530063 [info] : Client[30] quit!
2023-09-12 23:58:07.530097 [info] : Client[31](127.0.0.1:63191) quit, UserCount:10
2023-09-12 23:58:07.530106 [info] : Client[18] in!
2023-09-12 23:58:07.530111 [info] : Client[32](127.0.0.1:62167) quit, UserCount:10
2023-09-12 23:58:07.530173 [info] : Client[24](127.0.0.1:29400) in, userCount:10
2023-09-12 23:58:07.530213 [info] : Client[30](127.0.0.1:1752) quit, UserCount:10
2023-09-12 23:58:07.530216 [info] : Client[24] in!
2023-09-12 23:58:07.530254 [info] : Client[31](127.0.0.1:37080) in, userCount:11
2023-09-12 23:58:07.530265 [info] : Client[31] in!
2023-09-12 23:58:07.530289 [info] : Client[33](127.0.0.1:41688) in, userCount:12
2023-09-12 23:58:07.530323 [info] : Client[33] in!
2023-09-12 23:58:07.530347 [info] : Client[30](127.0.0.1:42200) in, userCount:13
2023-09-12 23:58:07.530364 [info] : Client[30] in!
2023-09-12 23:58:07.530380 [info] : Client[32](127.0.0.1:46808) in, userCount:14
2023-09-12 23:58:07.530396 [info] : Client[32] in!
2023-09-12 23:58:07.530413 [info] : Client[34](127.0.0.1:48344) in, userCount:15
2023-09-12 23:58:07.530428 [info] : Client[34] in!
2023-09-12 23:58:07.530450 [info] : Client[39](127.0.0.1:52440) in, userCount:16
2023-09-12 23:58:07.530473 [info] : Client[39] in!
2023-09-12 23:58:07.530548 [info] : Client[36] quit!
2023-09-12 23:58:07.530558 [info] : Client[23] quit!
2023-09-12 23:58:07.530553 [info] : Client[38] quit!
2023-09-12 23:58:07.530555 [info] : Client[29] quit!
2023-09-12 23:58:07.530552 [info] : Client[27] quit!
2023-09-12 23:58:07.530597 [info] : Client[28] quit!
2023-09-12 23:58:07.530622 [info] : Client[36](127.0.0.1:27864) quit, UserCount:14
2023-09-12 23:58:07.530574 [info] : Client[37] quit!
2023-09-12 23:58:07.530633 [info] : Client[23](127.0.0.1:16600) quit, UserCount:14
2023-09-12 23:58:07.530622 [info] : Client[26] quit!
2023-09-12 23:58:07.530673 [info] : Client[38](127.0.0.1:17112) quit, UserCount:11
2023-09-12 23:58:07.530694 [info] : Client[27](127.0.0.1:23768) quit, UserCount:10
2023-09-12 23:58:07.530697 [info] : Client[29](127.0.0.1:25816) quit, UserCount:10
2023-09-12 23:58:07.530702 [info] : Client[28](127.0.0.1:24792) quit, UserCount:9
2023-09-12 23:58:07.530718 [info] : Client[37](127.0.0.1:28888) quit, UserCount:9
2023-09-12 23:58:07.530744 [info] : Client[23](127.0.0.1:54488) in, userCount:10
2023-09-12 23:58:07.530777 [info] : Client[23] in!
2023-09-12 23:58:07.530784 [info] : Client[26](127.0.0.1:13016) quit, UserCount:9
2023-09-12 23:58:07.530804 [info] : Client[26](127.0.0.1:56024) in, userCount:10
2023-09-12 23:58:07.530860 [info] : Client[26] in!
2023-09-12 23:58:07.530890 [info] : Client[29](127.0.0.1:58584) in, userCount:11
2023-09-12 23:58:07.530925 [info] : Client[29] in!
2023-09-12 23:58:07.530957 [info] : Client[27](127.0.0.1:62168) in, userCount:12
2023-09-12 23:58:07.530983 [info] : Client[27] in!
2023-09-12 23:58:07.531010 [info] : Client[28](127.0.0.1:63192) in, userCount:13
2023-09-12 23:58:07.531028 [info] : Client[28] in!
2023-09-12 23:58:07.531046 [info] : Client[36](127.0.0.1:217) in, userCount:14
2023-09-12 23:58:07.531062 [info] : Client[36] in!
2023-09-12 23:58:07.531079 [info] : Client[35](127.0.0.1:2265) in, userCount:15
2023-09-12 23:58:07.531095 [info] : Client[35] in!
2023-09-12 23:58:07.531115 [info] : Client[37](127.0.0.1:3801) in, userCount:16
2023-09-12 23:58:07.531133 [info] : Client[37] in!
2023-09-12 23:58:07.531211 [info] : Client[33] quit!
2023-09-12 23:58:07.531222 [info] : Client[39] quit!
2023-09-12 23:58:07.531232 [info] : Client[31] quit!
2023-09-12 23:58:07.531253 [info] : Client[34] quit!
2023-09-12 23:58:07.531214 [info] : Client[30] quit!
2023-09-12 23:58:07.531305 [info] : Client[33](127.0.0.1:41688) quit, UserCount:14
2023-09-12 23:58:07.531214 [info] : Client[24] quit!
2023-09-12 23:58:07.531260 [info] : Client[32] quit!
2023-09-12 23:58:07.531330 [info] : Client[39](127.0.0.1:52440) quit, UserCount:12
2023-09-12 23:58:07.531335 [info] : Client[31](127.0.0.1:37080) quit, UserCount:12
2023-09-12 23:58:07.531258 [info] : Client[18] quit!
2023-09-12 23:58:07.531430 [info] : Client[24](127.0.0.1:7897) quit, UserCount:10
2023-09-12 23:58:07.531438 [info] : Client[34](127.0.0.1:48344) quit, UserCount:9
2023-09-12 23:58:07.531451 [info] : Client[18](127.0.0.1:32984) quit, UserCount:9
2023-09-12 23:58:07.531431 [info] : Client[32](127.0.0.1:46808) quit, UserCount:10
2023-09-12 23:58:07.531518 [info] : Client[30](127.0.0.1:42200) quit, UserCount:9
2023-09-12 23:58:07.531545 [info] : Client[24](127.0.0.1:7897) in, userCount:9
2023-09-12 23:58:07.531572 [info] : Client[24] in!
2023-09-12 23:58:07.531591 [info] : Client[18](127.0.0.1:9945) in, userCount:10
2023-09-12 23:58:07.531611 [info] : Client[18] in!
2023-09-12 23:58:07.531633 [info] : Client[32](127.0.0.1:13017) in, userCount:11
2023-09-12 23:58:07.531652 [info] : Client[32] in!
2023-09-12 23:58:07.531671 [info] : Client[30](127.0.0.1:15065) in, userCount:12
2023-09-12 23:58:07.531688 [info] : Client[30] in!
2023-09-12 23:58:07.531707 [info] : Client[31](127.0.0.1:17113) in, userCount:13
2023-09-12 23:58:07.531725 [info] : Client[31] in!
2023-09-12 23:58:07.531742 [info] : Client[33](127.0.0.1:18137) in, userCount:14
2023-09-12 23:58:07.531758 [info] : Client[33] in!
2023-09-12 23:58:07.531775 [info] : Client[34](127.0.0.1:21721) in, userCount:15
2023-09-12 23:58:07.531790 [info] : Client[34] in!
2023-09-12 23:58:07.531808 [info] : Client[38](127.0.0.1:25817) in, userCount:16
2023-09-12 23:58:07.531823 [info] : Client[38] in!
2023-09-12 23:58:07.531883 [info] : Client[29] quit!
2023-09-12 23:58:07.531890 [info] : Client[26] quit!
2023-09-12 23:58:07.531886 [info] : Client[27] quit!
2023-09-12 23:58:07.531915 [info] : Client[36] quit!
2023-09-12 23:58:07.531886 [info] : Client[23] quit!
2023-09-12 23:58:07.531944 [info] : Client[28] quit!
2023-09-12 23:58:07.531944 [info] : Client[29](127.0.0.1:58584) quit, UserCount:14
2023-09-12 23:58:07.531937 [info] : Client[37] quit!
2023-09-12 23:58:07.531979 [info] : Client[26](127.0.0.1:56024) quit, UserCount:13
2023-09-12 23:58:07.532005 [info] : Client[23](127.0.0.1:54488) quit, UserCount:12
2023-09-12 23:58:07.531981 [info] : Client[35] quit!
2023-09-12 23:58:07.531994 [info] : Client[27](127.0.0.1:62168) quit, UserCount:12
2023-09-12 23:58:07.532141 [info] : Client[23](127.0.0.1:27865) in, userCount:10
2023-09-12 23:58:07.532067 [info] : Client[37](127.0.0.1:3801) quit, UserCount:10
2023-09-12 23:58:07.532098 [info] : Client[28](127.0.0.1:63192) quit, UserCount:10
2023-09-12 23:58:07.532172 [info] : Client[23] in!
2023-09-12 23:58:07.532173 [info] : Client[35](127.0.0.1:2265) quit, UserCount:9
2023-09-12 23:58:07.532194 [info] : Client[27](127.0.0.1:31961) in, userCount:10
2023-09-12 23:58:07.532211 [info] : Client[27] in!
2023-09-12 23:58:07.532218 [info] : Client[36](127.0.0.1:217) quit, UserCount:10
2023-09-12 23:58:07.532249 [info] : Client[36](127.0.0.1:33497) in, userCount:11
2023-09-12 23:58:07.532278 [info] : Client[36] in!
2023-09-12 23:58:07.532307 [info] : Client[26](127.0.0.1:35033) in, userCount:12
2023-09-12 23:58:07.532333 [info] : Client[26] in!
2023-09-12 23:58:07.532354 [info] : Client[29](127.0.0.1:39129) in, userCount:13
2023-09-12 23:58:07.532373 [info] : Client[29] in!
2023-09-12 23:58:07.532390 [info] : Client[35](127.0.0.1:40665) in, userCount:14
2023-09-12 23:58:07.532408 [info] : Client[35] in!
2023-09-12 23:58:07.532426 [info] : Client[28](127.0.0.1:42201) in, userCount:15
2023-09-12 23:58:07.532441 [info] : Client[28] in!
2023-09-12 23:58:07.532468 [info] : Client[37](127.0.0.1:43737) in, userCount:16
2023-09-12 23:58:07.532485 [info] : Client[37] in!
2023-09-12 23:58:07.532543 [info] : Client[18] quit!
2023-09-12 23:58:07.532546 [info] : Client[24] quit!
2023-09-12 23:58:07.532562 [info] : Client[38] quit!
2023-09-12 23:58:07.532574 [info] : Client[32] quit!
2023-09-12 23:58:07.532557 [info] : Client[31] quit!
2023-09-12 23:58:07.532622 [info] : Client[24](127.0.0.1:7897) quit, UserCount:14
2023-09-12 23:58:07.532666 [info] : Client[30] quit!
2023-09-12 23:58:07.532671 [info] : Client[32](127.0.0.1:13017) quit, UserCount:12
2023-09-12 23:58:07.532624 [info] : Client[34] quit!
2023-09-12 23:58:07.532595 [info] : Client[18](127.0.0.1:9945) quit, UserCount:15
2023-09-12 23:58:07.532706 [info] : Client[38](127.0.0.1:25817) quit, UserCount:11
2023-09-12 23:58:07.532579 [info] : Client[33] quit!
2023-09-12 23:58:07.532717 [info] : Client[18](127.0.0.1:45785) in, userCount:11
2023-09-12 23:58:07.532754 [info] : Client[34](127.0.0.1:21721) quit, UserCount:10
2023-09-12 23:58:07.532698 [info] : Client[31](127.0.0.1:17113) quit, UserCount:11
2023-09-12 23:58:07.532762 [info] : Client[18] in!
2023-09-12 23:58:07.532724 [info] : Client[30](127.0.0.1:15065) quit, UserCount:11
2023-09-12 23:58:07.532781 [info] : Client[33](127.0.0.1:18137) quit, UserCount:9
2023-09-12 23:58:07.532812 [info] : Client[31](127.0.0.1:46297) in, userCount:10
2023-09-12 23:58:07.532838 [info] : Client[31] in!
2023-09-12 23:58:07.532859 [info] : Client[32](127.0.0.1:48345) in, userCount:11
2023-09-12 23:58:07.532881 [info] : Client[32] in!
2023-09-12 23:58:07.532901 [info] : Client[24](127.0.0.1:50905) in, userCount:12
2023-09-12 23:58:07.532919 [info] : Client[24] in!
2023-09-12 23:58:07.532939 [info] : Client[38](127.0.0.1:49881) in, userCount:13
2023-09-12 23:58:07.532958 [info] : Client[38] in!
2023-09-12 23:58:07.532973 [info] : Client[33](127.0.0.1:53465) in, userCount:14
2023-09-12 23:58:07.532990 [info] : Client[33] in!
2023-09-12 23:58:07.533006 [info] : Client[39](127.0.0.1:55001) in, userCount:15
2023-09-12 23:58:07.533024 [info] : Client[39] in!
2023-09-12 23:58:07.533044 [info] : Client[30](127.0.0.1:57049) in, userCount:16
2023-09-12 23:58:07.533062 [info] : Client[30] in!
2023-09-12 23:58:07.533123 [info] : Client[27] quit!
2023-09-12 23:58:07.533130 [info] : Client[28] quit!
2023-09-12 23:58:07.533164 [info] : Client[29] quit!
2023-09-12 23:58:07.533124 [info] : Client[36] quit!
2023-09-12 23:58:07.533180 [info] : Client[26] quit!
2023-09-12 23:58:07.533162 [info] : Client[35] quit!
2023-09-12 23:58:07.533186 [info] : Client[37] quit!
2023-09-12 23:58:07.533225 [info] : Client[23] quit!
2023-09-12 23:58:07.533188 [info] : Client[27](127.0.0.1:31961) quit, UserCount:15
2023-09-12 23:58:07.533255 [info] : Client[28](127.0.0.1:42201) quit, UserCount:12
2023-09-12 23:58:07.533270 [info] : Client[36](127.0.0.1:33497) quit, UserCount:12
2023-09-12 23:58:07.533286 [info] : Client[29](127.0.0.1:39129) quit, UserCount:11
2023-09-12 23:58:07.533311 [info] : Client[37](127.0.0.1:43737) quit, UserCount:11
2023-09-12 23:58:07.533316 [info] : Client[27](127.0.0.1:60121) in, userCount:10
2023-09-12 23:58:07.533368 [info] : Client[23](127.0.0.1:27865) quit, UserCount:9
2023-09-12 23:58:07.533378 [info] : Client[35](127.0.0.1:40665) quit, UserCount:9
2023-09-12 23:58:07.533439 [info] : Client[27] in!
2023-09-12 23:58:07.533467 [info] : Client[26](127.0.0.1:63705) in, userCount:10
2023-09-12 23:58:07.533377 [info] : Client[26](127.0.0.1:35033) quit, UserCount:9
2023-09-12 23:58:07.533485 [info] : Client[26] in!
2023-09-12 23:58:07.533512 [info] : Client[28](127.0.0.1:64217) in, userCount:11
2023-09-12 23:58:07.533533 [info] : Client[28] in!
2023-09-12 23:58:07.533553 [info] : Client[29](127.0.0.1:1754) in, userCount:12
2023-09-12 23:58:07.533571 [info] : Client[29] in!
2023-09-12 23:58:07.533590 [info] : Client[23](127.0.0.1:3290) in, userCount:13
2023-09-12 23:58:07.533609 [info] : Client[23] in!
2023-09-12 23:58:07.533627 [info] : Client[34](127.0.0.1:3802) in, userCount:14
2023-09-12 23:58:07.533653 [info] : Client[34] in!
2023-09-12 23:58:07.533684 [info] : Client[35](127.0.0.1:5850) in, userCount:15
2023-09-12 23:58:07.533701 [info] : Client[35] in!
2023-09-12 23:58:07.533720 [info] : Client[36](127.0.0.1:6874) in, userCount:16
2023-09-12 23:58:07.533739 [info] : Client[36] in!
2023-09-12 23:58:07.533806 [info] : Client[32] quit!
2023-09-12 23:58:07.533814 [info] : Client[33] quit!
2023-09-12 23:58:07.533809 [info] : Client[31] quit!
2023-09-12 23:58:07.533836 [info] : Client[39] quit!
2023-09-12 23:58:07.533810 [info] : Client[18] quit!
2023-09-12 23:58:07.533839 [info] : Client[38] quit!
2023-09-12 23:58:07.533817 [info] : Client[24] quit!
2023-09-12 23:58:07.533870 [info] : Client[30] quit!
2023-09-12 23:58:07.533994 [info] : Client[24](127.0.0.1:50905) quit, UserCount:9
2023-09-12 23:58:07.534001 [info] : Client[33](127.0.0.1:53465) quit, UserCount:9
2023-09-12 23:58:07.533996 [info] : Client[39](127.0.0.1:55001) quit, UserCount:10
2023-09-12 23:58:07.533996 [info] : Client[18](127.0.0.1:8410) in, userCount:10
2023-09-12 23:58:07.534034 [info] : Client[32](127.0.0.1:48345) quit, UserCount:9
2023-09-12 23:58:07.533954 [info] : Client[38](127.0.0.1:49881) quit, UserCount:11
2023-09-12 23:58:07.534049 [info] : Client[30](127.0.0.1:57049) quit, UserCount:9
2023-09-12 23:58:07.534047 [info] : Client[18] in!
2023-09-12 23:58:07.534064 [info] : Client[18](127.0.0.1:8410) quit, UserCount:9
2023-09-12 23:58:07.534095 [info] : Client[24](127.0.0.1:9434) in, userCount:10
2023-09-12 23:58:07.534100 [info] : Client[31](127.0.0.1:46297) quit, UserCount:10
2023-09-12 23:58:07.534120 [info] : Client[24] in!
2023-09-12 23:58:07.534147 [info] : Client[30](127.0.0.1:12506) in, userCount:11
2023-09-12 23:58:07.534161 [info] : Client[30] in!
2023-09-12 23:58:07.534180 [info] : Client[33](127.0.0.1:13018) in, userCount:12
2023-09-12 23:58:07.534200 [info] : Client[33] in!
2023-09-12 23:58:07.534219 [info] : Client[31](127.0.0.1:18138) in, userCount:13
2023-09-12 23:58:07.534236 [info] : Client[31] in!
2023-09-12 23:58:07.534254 [info] : Client[32](127.0.0.1:21722) in, userCount:14
2023-09-12 23:58:07.534269 [info] : Client[32] in!
2023-09-12 23:58:07.534288 [info] : Client[37](127.0.0.1:22234) in, userCount:15
2023-09-12 23:58:07.534303 [info] : Client[37] in!
2023-09-12 23:58:07.534321 [info] : Client[38](127.0.0.1:28378) in, userCount:16
2023-09-12 23:58:07.534336 [info] : Client[38] in!
2023-09-12 23:58:07.534398 [info] : Client[26] quit!
2023-09-12 23:58:07.534406 [info] : Client[23] quit!
2023-09-12 23:58:07.534400 [info] : Client[35] quit!
2023-09-12 23:58:07.534399 [info] : Client[29] quit!
2023-09-12 23:58:07.534463 [info] : Client[28] quit!
2023-09-12 23:58:07.534424 [info] : Client[36] quit!
2023-09-12 23:58:07.534477 [info] : Client[26](127.0.0.1:63705) quit, UserCount:14
2023-09-12 23:58:07.534629 [info] : Client[23](127.0.0.1:32474) quit, UserCount:11
2023-09-12 23:58:07.534637 [info] : Client[29](127.0.0.1:1754) quit, UserCount:11
