2023-09-12 23:58:06.447025 [info] : Client[34] in!
2023-09-12 23:58:06.447107 [info] : Client[39](127.0.0.1:27861) in, userCount:15
2023-09-12 23:58:06.447144 [info] : Client[39] in!
2023-09-12 23:58:06.447167 [info] : Client[36](127.0.0.1:32981) in, userCount:16
2023-09-12 23:58:06.447196 [info] : Client[36] in!
2023-09-12 23:58:06.447216 [info] : Client[40](127.0.0.1:1152) in, userCount:17
2023-09-12 23:58:06.447234 [info] : Client[40] in!
2023-09-12 23:58:06.447296 [info] : Client[31] quit!
2023-09-12 23:58:06.447315 [info] : Client[35] quit!
2023-09-12 23:58:06.447317 [info] : Client[24] quit!
2023-09-12 23:58:06.447343 [info] : Client[32] quit!
2023-09-12 23:58:06.447357 [info] : Client[37] quit!
2023-09-12 23:58:06.447365 [info] : Client[29] quit!
2023-09-12 23:58:06.447370 [info] : Client[31](127.0.0.1:2773) quit, UserCount:16
2023-09-12 23:58:06.447351 [info] : Client[28] quit!
2023-09-12 23:58:06.447468 [info] : Client[24](127.0.0.1:35541) in, userCount:13
2023-09-12 23:58:06.447475 [info] : Client[24](127.0.0.1:35541) quit, UserCount:13
2023-09-12 23:58:06.447480 [info] : Client[35](127.0.0.1:10965) quit, UserCount:13
2023-09-12 23:58:06.447509 [info] : Client[24] in!
2023-09-12 23:58:06.447487 [info] : Client[37](127.0.0.1:12501) quit, UserCount:12
2023-09-12 23:58:06.447540 [info] : Client[32](127.0.0.1:7893) quit, UserCount:11
2023-09-12 23:58:06.447546 [info] : Client[28](127.0.0.1:37589) in, userCount:12
2023-09-12 23:58:06.447546 [info] : Client[29](127.0.0.1:16085) quit, UserCount:12
2023-09-12 23:58:06.447580 [info] : Client[28](127.0.0.1:37589) quit, UserCount:12
2023-09-12 23:58:06.447584 [info] : Client[28] in!
2023-09-12 23:58:06.447623 [info] : Client[29](127.0.0.1:36565) in, userCount:13
2023-09-12 23:58:06.447648 [info] : Client[29] in!
2023-09-12 23:58:06.447671 [info] : Client[32](127.0.0.1:39125) in, userCount:14
2023-09-12 23:58:06.447694 [info] : Client[32] in!
2023-09-12 23:58:06.447714 [info] : Client[35](127.0.0.1:43221) in, userCount:15
2023-09-12 23:58:06.447732 [info] : Client[35] in!
2023-09-12 23:58:06.447750 [info] : Client[31](127.0.0.1:47317) in, userCount:16
2023-09-12 23:58:06.447767 [info] : Client[31] in!
2023-09-12 23:58:06.447784 [info] : Client[37](127.0.0.1:49877) in, userCount:17
2023-09-12 23:58:06.447799 [info] : Client[37] in!
2023-09-12 23:58:06.447865 [info] : Client[36] quit!
2023-09-12 23:58:06.447872 [info] : Client[40] quit!
2023-09-12 23:58:06.447886 [info] : Client[27] quit!
2023-09-12 23:58:06.447866 [info] : Client[33] quit!
2023-09-12 23:58:06.447909 [info] : Client[39] quit!
2023-09-12 23:58:06.447869 [info] : Client[26] quit!
2023-09-12 23:58:06.447971 [info] : Client[30] quit!
2023-09-12 23:58:06.447978 [info] : Client[36](127.0.0.1:32981) quit, UserCount:14
2023-09-12 23:58:06.448053 [info] : Client[26](127.0.0.1:23765) quit, UserCount:11
2023-09-12 23:58:06.447992 [info] : Client[23] quit!
2023-09-12 23:58:06.447973 [info] : Client[33](127.0.0.1:20693) quit, UserCount:14
2023-09-12 23:58:06.448026 [info] : Client[40](127.0.0.1:1152) quit, UserCount:11
2023-09-12 23:58:06.448116 [info] : Client[30](127.0.0.1:26325) quit, UserCount:10
2023-09-12 23:58:06.448123 [info] : Client[23](127.0.0.1:17109) quit, UserCount:10
2023-09-12 23:58:06.448071 [info] : Client[27](127.0.0.1:24789) quit, UserCount:10
2023-09-12 23:58:06.448058 [info] : Client[18] quit!
2023-09-12 23:58:06.448130 [info] : Client[39](127.0.0.1:27861) quit, UserCount:10
2023-09-12 23:58:06.448168 [info] : Client[26](127.0.0.1:53461) in, userCount:10
2023-09-12 23:58:06.448198 [info] : Client[26] in!
2023-09-12 23:58:06.448228 [info] : Client[30](127.0.0.1:55509) in, userCount:10
2023-09-12 23:58:06.448210 [info] : Client[18](127.0.0.1:20181) quit, UserCount:9
2023-09-12 23:58:06.448248 [info] : Client[30] in!
2023-09-12 23:58:06.448261 [info] : Client[18](127.0.0.1:61653) in, userCount:11
2023-09-12 23:58:06.448277 [info] : Client[18] in!
2023-09-12 23:58:06.448297 [info] : Client[27](127.0.0.1:57557) in, userCount:12
2023-09-12 23:58:06.448314 [info] : Client[27] in!
2023-09-12 23:58:06.448332 [info] : Client[23](127.0.0.1:63701) in, userCount:13
2023-09-12 23:58:06.448347 [info] : Client[23] in!
2023-09-12 23:58:06.448376 [info] : Client[33](127.0.0.1:214) in, userCount:14
2023-09-12 23:58:06.448393 [info] : Client[33] in!
2023-09-12 23:58:06.448410 [info] : Client[36](127.0.0.1:4310) in, userCount:15
2023-09-12 23:58:06.448426 [info] : Client[36] in!
2023-09-12 23:58:06.448444 [info] : Client[38](127.0.0.1:6358) in, userCount:16
2023-09-12 23:58:06.448459 [info] : Client[38] in!
2023-09-12 23:58:06.448475 [info] : Client[39](127.0.0.1:8918) in, userCount:17
2023-09-12 23:58:06.448491 [info] : Client[39] in!
2023-09-12 23:58:06.448552 [info] : Client[35] quit!
2023-09-12 23:58:06.448570 [info] : Client[24] quit!
2023-09-12 23:58:06.448570 [info] : Client[29] quit!
2023-09-12 23:58:06.448554 [info] : Client[32] quit!
2023-09-12 23:58:06.448622 [info] : Client[37] quit!
2023-09-12 23:58:06.448627 [info] : Client[28] quit!
2023-09-12 23:58:06.448643 [info] : Client[31] quit!
2023-09-12 23:58:06.448670 [info] : Client[24](127.0.0.1:35541) quit, UserCount:14
2023-09-12 23:58:06.448579 [info] : Client[34] quit!
2023-09-12 23:58:06.448685 [info] : Client[35](127.0.0.1:43221) quit, UserCount:14
2023-09-12 23:58:06.448699 [info] : Client[29](127.0.0.1:36565) quit, UserCount:13
2023-09-12 23:58:06.448716 [info] : Client[32](127.0.0.1:39125) quit, UserCount:12
2023-09-12 23:58:06.448767 [info] : Client[28](127.0.0.1:37589) quit, UserCount:11
2023-09-12 23:58:06.448809 [info] : Client[24](127.0.0.1:10966) in, userCount:10
2023-09-12 23:58:06.448815 [info] : Client[34](127.0.0.1:28373) quit, UserCount:10
2023-09-12 23:58:06.448823 [info] : Client[31](127.0.0.1:47317) quit, UserCount:10
2023-09-12 23:58:06.448891 [info] : Client[24] in!
2023-09-12 23:58:06.448736 [info] : Client[37](127.0.0.1:49877) quit, UserCount:11
2023-09-12 23:58:06.448957 [info] : Client[28](127.0.0.1:11990) in, userCount:11
2023-09-12 23:58:06.449031 [info] : Client[28] in!
2023-09-12 23:58:06.449050 [info] : Client[31](127.0.0.1:13014) in, userCount:12
2023-09-12 23:58:06.449092 [info] : Client[31] in!
2023-09-12 23:58:06.449111 [info] : Client[29](127.0.0.1:13526) in, userCount:13
2023-09-12 23:58:06.449127 [info] : Client[29] in!
2023-09-12 23:58:06.449144 [info] : Client[34](127.0.0.1:17622) in, userCount:14
2023-09-12 23:58:06.449162 [info] : Client[34] in!
2023-09-12 23:58:06.449183 [info] : Client[35](127.0.0.1:18646) in, userCount:15
2023-09-12 23:58:06.449205 [info] : Client[35] in!
2023-09-12 23:58:06.449222 [info] : Client[32](127.0.0.1:22742) in, userCount:16
2023-09-12 23:58:06.449238 [info] : Client[32] in!
2023-09-12 23:58:06.449253 [info] : Client[37](127.0.0.1:26326) in, userCount:17
2023-09-12 23:58:06.449269 [info] : Client[37] in!
2023-09-12 23:58:06.449328 [info] : Client[27] quit!
2023-09-12 23:58:06.449330 [info] : Client[38] quit!
2023-09-12 23:58:06.449354 [info] : Client[23] quit!
2023-09-12 23:58:06.449369 [info] : Client[33] quit!
2023-09-12 23:58:06.449372 [info] : Client[30] quit!
2023-09-12 23:58:06.449331 [info] : Client[26] quit!
2023-09-12 23:58:06.449442 [info] : Client[38](127.0.0.1:6358) quit, UserCount:15
2023-09-12 23:58:06.449353 [info] : Client[39] quit!
2023-09-12 23:58:06.449434 [info] : Client[18] quit!
2023-09-12 23:58:06.449416 [info] : Client[36] quit!
2023-09-12 23:58:06.449481 [info] : Client[30](127.0.0.1:55509) quit, UserCount:13
2023-09-12 23:58:06.449576 [info] : Client[39](127.0.0.1:8918) quit, UserCount:10
2023-09-12 23:58:06.449553 [info] : Client[26](127.0.0.1:53461) quit, UserCount:11
2023-09-12 23:58:06.449575 [info] : Client[18](127.0.0.1:61653) quit, UserCount:10
2023-09-12 23:58:06.449596 [info] : Client[33](127.0.0.1:214) quit, UserCount:9
2023-09-12 23:58:06.449739 [info] : Client[27](127.0.0.1:57557) quit, UserCount:9
2023-09-12 23:58:06.449799 [info] : Client[23](127.0.0.1:28886) quit, UserCount:9
2023-09-12 23:58:06.449749 [info] : Client[23](127.0.0.1:28886) in, userCount:9
2023-09-12 23:58:06.449827 [info] : Client[23] in!
2023-09-12 23:58:06.449838 [info] : Client[36](127.0.0.1:4310) quit, UserCount:9
2023-09-12 23:58:06.449839 [info] : Client[18](127.0.0.1:32982) in, userCount:10
2023-09-12 23:58:06.449906 [info] : Client[18] in!
2023-09-12 23:58:06.449926 [info] : Client[26](127.0.0.1:36566) in, userCount:11
2023-09-12 23:58:06.449942 [info] : Client[26] in!
2023-09-12 23:58:06.449957 [info] : Client[27](127.0.0.1:39126) in, userCount:12
2023-09-12 23:58:06.449973 [info] : Client[27] in!
2023-09-12 23:58:06.449990 [info] : Client[30](127.0.0.1:43222) in, userCount:13
2023-09-12 23:58:06.450006 [info] : Client[30] in!
2023-09-12 23:58:06.450022 [info] : Client[33](127.0.0.1:46806) in, userCount:14
2023-09-12 23:58:06.450038 [info] : Client[33] in!
2023-09-12 23:58:06.450054 [info] : Client[36](127.0.0.1:49878) in, userCount:15
2023-09-12 23:58:06.450069 [info] : Client[36] in!
2023-09-12 23:58:06.450086 [info] : Client[38](127.0.0.1:52950) in, userCount:16
2023-09-12 23:58:06.450102 [info] : Client[38] in!
2023-09-12 23:58:06.450158 [info] : Client[28] quit!
2023-09-12 23:58:06.450166 [info] : Client[37] quit!
2023-09-12 23:58:06.450160 [info] : Client[32] quit!
2023-09-12 23:58:06.450207 [info] : Client[24] quit!
2023-09-12 23:58:06.450179 [info] : Client[31] quit!
2023-09-12 23:58:06.450228 [info] : Client[34] quit!
2023-09-12 23:58:06.450174 [info] : Client[29] quit!
2023-09-12 23:58:06.450253 [info] : Client[37](127.0.0.1:26326) quit, UserCount:13
2023-09-12 23:58:06.450266 [info] : Client[24](127.0.0.1:10966) quit, UserCount:13
2023-09-12 23:58:06.450219 [info] : Client[28](127.0.0.1:11990) quit, UserCount:15
2023-09-12 23:58:06.450237 [info] : Client[35] quit!
2023-09-12 23:58:06.450305 [info] : Client[31](127.0.0.1:13014) quit, UserCount:11
2023-09-12 23:58:06.450307 [info] : Client[32](127.0.0.1:22742) quit, UserCount:10
2023-09-12 23:58:06.450353 [info] : Client[34](127.0.0.1:17622) quit, UserCount:8
2023-09-12 23:58:06.450354 [info] : Client[29](127.0.0.1:13526) quit, UserCount:8
2023-09-12 23:58:06.450380 [info] : Client[24](127.0.0.1:59606) in, userCount:9
2023-09-12 23:58:06.450413 [info] : Client[24] in!
2023-09-12 23:58:06.450374 [info] : Client[35](127.0.0.1:18646) quit, UserCount:9
2023-09-12 23:58:06.450467 [info] : Client[31](127.0.0.1:58070) in, userCount:10
2023-09-12 23:58:06.450499 [info] : Client[31] in!
2023-09-12 23:58:06.450529 [info] : Client[28](127.0.0.1:60118) in, userCount:11
2023-09-12 23:58:06.450558 [info] : Client[28] in!
2023-09-12 23:58:06.450591 [info] : Client[32](127.0.0.1:62166) in, userCount:12
2023-09-12 23:58:06.450616 [info] : Client[32] in!
2023-09-12 23:58:06.450643 [info] : Client[29](127.0.0.1:65238) in, userCount:13
2023-09-12 23:58:06.450678 [info] : Client[29] in!
2023-09-12 23:58:06.450697 [info] : Client[34](127.0.0.1:727) in, userCount:14
2023-09-12 23:58:06.450714 [info] : Client[34] in!
2023-09-12 23:58:06.450731 [info] : Client[35](127.0.0.1:2775) in, userCount:15
2023-09-12 23:58:06.450747 [info] : Client[35] in!
2023-09-12 23:58:06.450764 [info] : Client[37](127.0.0.1:5847) in, userCount:16
2023-09-12 23:58:06.450780 [info] : Client[37] in!
2023-09-12 23:58:06.450836 [info] : Client[23] quit!
2023-09-12 23:58:06.450846 [info] : Client[27] quit!
2023-09-12 23:58:06.450843 [info] : Client[38] quit!
2023-09-12 23:58:06.450869 [info] : Client[26] quit!
2023-09-12 23:58:06.450865 [info] : Client[33] quit!
2023-09-12 23:58:06.450869 [info] : Client[18] quit!
2023-09-12 23:58:06.450874 [info] : Client[30] quit!
2023-09-12 23:58:06.450853 [info] : Client[36] quit!
2023-09-12 23:58:06.451009 [info] : Client[18](127.0.0.1:32982) quit, UserCount:11
2023-09-12 23:58:06.451016 [info] : Client[23](127.0.0.1:10989) in, userCount:11
2023-09-12 23:58:06.451030 [info] : Client[27](127.0.0.1:39126) quit, UserCount:11
2023-09-12 23:58:06.451038 [info] : Client[23](127.0.0.1:10989) quit, UserCount:11
2023-09-12 23:58:06.450981 [info] : Client[33](127.0.0.1:46806) quit, UserCount:12
2023-09-12 23:58:06.450981 [info] : Client[38](127.0.0.1:52950) quit, UserCount:12
2023-09-12 23:58:06.451024 [info] : Client[26](127.0.0.1:36566) quit, UserCount:11
2023-09-12 23:58:06.451084 [info] : Client[30](127.0.0.1:43222) quit, UserCount:9
2023-09-12 23:58:06.451073 [info] : Client[36](127.0.0.1:49878) quit, UserCount:9
2023-09-12 23:58:06.451079 [info] : Client[23] in!
2023-09-12 23:58:06.451157 [info] : Client[18](127.0.0.1:7895) in, userCount:10
2023-09-12 23:58:06.451177 [info] : Client[18] in!
2023-09-12 23:58:06.451222 [info] : Client[27](127.0.0.1:10967) in, userCount:11
2023-09-12 23:58:06.451248 [info] : Client[27] in!
2023-09-12 23:58:06.451274 [info] : Client[26](127.0.0.1:11479) in, userCount:12
2023-09-12 23:58:06.451302 [info] : Client[26] in!
2023-09-12 23:58:06.451332 [info] : Client[38](127.0.0.1:13527) in, userCount:13
2023-09-12 23:58:06.451353 [info] : Client[38] in!
2023-09-12 23:58:06.451371 [info] : Client[30](127.0.0.1:11991) in, userCount:14
2023-09-12 23:58:06.451387 [info] : Client[30] in!
2023-09-12 23:58:06.451404 [info] : Client[33](127.0.0.1:15063) in, userCount:15
2023-09-12 23:58:06.451419 [info] : Client[33] in!
2023-09-12 23:58:06.451436 [info] : Client[36](127.0.0.1:19159) in, userCount:16
2023-09-12 23:58:06.451451 [info] : Client[36] in!
2023-09-12 23:58:06.451510 [info] : Client[28] quit!
2023-09-12 23:58:06.451513 [info] : Client[34] quit!
2023-09-12 23:58:06.451514 [info] : Client[24] quit!
2023-09-12 23:58:06.451561 [info] : Client[31] quit!
2023-09-12 23:58:06.451565 [info] : Client[32] quit!
2023-09-12 23:58:06.451570 [info] : Client[29] quit!
2023-09-12 23:58:06.451585 [info] : Client[37] quit!
2023-09-12 23:58:06.451585 [info] : Client[35] quit!
2023-09-12 23:58:06.451651 [info] : Client[31](127.0.0.1:58070) quit, UserCount:12
2023-09-12 23:58:06.451584 [info] : Client[28](127.0.0.1:60118) quit, UserCount:15
2023-09-12 23:58:06.451616 [info] : Client[24](127.0.0.1:59606) quit, UserCount:13
2023-09-12 23:58:06.451722 [info] : Client[35](127.0.0.1:2775) quit, UserCount:9
2023-09-12 23:58:06.451755 [info] : Client[32](127.0.0.1:62166) quit, UserCount:9
2023-09-12 23:58:06.451724 [info] : Client[37](127.0.0.1:5847) quit, UserCount:9
2023-09-12 23:58:06.451718 [info] : Client[29](127.0.0.1:65238) quit, UserCount:9
2023-09-12 23:58:06.451629 [info] : Client[34](127.0.0.1:727) quit, UserCount:13
2023-09-12 23:58:06.451722 [info] : Client[24](127.0.0.1:22231) in, userCount:9
2023-09-12 23:58:06.451857 [info] : Client[24] in!
2023-09-12 23:58:06.451880 [info] : Client[29](127.0.0.1:25303) in, userCount:10
2023-09-12 23:58:06.451896 [info] : Client[29] in!
2023-09-12 23:58:06.451913 [info] : Client[28](127.0.0.1:29399) in, userCount:11
2023-09-12 23:58:06.451928 [info] : Client[28] in!
2023-09-12 23:58:06.451944 [info] : Client[31](127.0.0.1:32471) in, userCount:12
2023-09-12 23:58:06.451960 [info] : Client[31] in!
2023-09-12 23:58:06.451976 [info] : Client[32](127.0.0.1:37079) in, userCount:13
2023-09-12 23:58:06.451993 [info] : Client[32] in!
2023-09-12 23:58:06.452010 [info] : Client[34](127.0.0.1:35031) in, userCount:14
2023-09-12 23:58:06.452026 [info] : Client[34] in!
2023-09-12 23:58:06.452043 [info] : Client[35](127.0.0.1:38103) in, userCount:15
2023-09-12 23:58:06.452058 [info] : Client[35] in!
2023-09-12 23:58:06.452075 [info] : Client[37](127.0.0.1:41687) in, userCount:16
2023-09-12 23:58:06.452091 [info] : Client[37] in!
2023-09-12 23:58:06.452150 [info] : Client[36] quit!
2023-09-12 23:58:06.452151 [info] : Client[38] quit!
2023-09-12 23:58:06.452175 [info] : Client[30] quit!
2023-09-12 23:58:06.452187 [info] : Client[33] quit!
2023-09-12 23:58:06.452171 [info] : Client[27] quit!
2023-09-12 23:58:06.452152 [info] : Client[18] quit!
2023-09-12 23:58:06.452155 [info] : Client[23] quit!
2023-09-12 23:58:06.452157 [info] : Client[26] quit!
2023-09-12 23:58:06.452266 [info] : Client[33](127.0.0.1:15063) quit, UserCount:13
2023-09-12 23:58:06.452273 [info] : Client[36](127.0.0.1:19159) quit, UserCount:12
2023-09-12 23:58:06.452284 [info] : Client[30](127.0.0.1:11991) quit, UserCount:12
2023-09-12 23:58:06.452279 [info] : Client[38](127.0.0.1:13527) quit, UserCount:12
2023-09-12 23:58:06.452365 [info] : Client[18](127.0.0.1:42199) quit, UserCount:9
2023-09-12 23:58:06.452373 [info] : Client[27](127.0.0.1:10967) quit, UserCount:9
2023-09-12 23:58:06.452394 [info] : Client[26](127.0.0.1:11479) quit, UserCount:9
2023-09-12 23:58:06.452398 [info] : Client[18](127.0.0.1:42199) in, userCount:9
2023-09-12 23:58:06.452338 [info] : Client[23](127.0.0.1:10989) quit, UserCount:9
2023-09-12 23:58:06.452441 [info] : Client[18] in!
2023-09-12 23:58:06.452498 [info] : Client[27](127.0.0.1:46295) in, userCount:10
2023-09-12 23:58:06.452520 [info] : Client[27] in!
2023-09-12 23:58:06.452536 [info] : Client[30](127.0.0.1:49367) in, userCount:11
2023-09-12 23:58:06.452563 [info] : Client[30] in!
2023-09-12 23:58:06.452581 [info] : Client[23](127.0.0.1:52439) in, userCount:12
2023-09-12 23:58:06.452599 [info] : Client[23] in!
2023-09-12 23:58:06.452614 [info] : Client[26](127.0.0.1:53463) in, userCount:13
2023-09-12 23:58:06.452629 [info] : Client[26] in!
2023-09-12 23:58:06.452646 [info] : Client[33](127.0.0.1:56023) in, userCount:14
2023-09-12 23:58:06.452662 [info] : Client[33] in!
2023-09-12 23:58:06.452679 [info] : Client[36](127.0.0.1:56535) in, userCount:15
2023-09-12 23:58:06.452695 [info] : Client[36] in!
2023-09-12 23:58:06.452711 [info] : Client[38](127.0.0.1:60631) in, userCount:16
2023-09-12 23:58:06.452727 [info] : Client[38] in!
2023-09-12 23:58:06.452792 [info] : Client[34] quit!
2023-09-12 23:58:06.452805 [info] : Client[31] quit!
2023-09-12 23:58:06.452818 [info] : Client[32] quit!
2023-09-12 23:58:06.452829 [info] : Client[28] quit!
2023-09-12 23:58:06.452831 [info] : Client[37] quit!
2023-09-12 23:58:06.452867 [info] : Client[29] quit!
2023-09-12 23:58:06.452794 [info] : Client[35] quit!
2023-09-12 23:58:06.452898 [info] : Client[31](127.0.0.1:32471) quit, UserCount:14
2023-09-12 23:58:06.452950 [info] : Client[28](127.0.0.1:29399) quit, UserCount:11
2023-09-12 23:58:06.452881 [info] : Client[24] quit!
2023-09-12 23:58:06.452926 [info] : Client[32](127.0.0.1:37079) quit, UserCount:13
2023-09-12 23:58:06.452951 [info] : Client[34](127.0.0.1:35031) quit, UserCount:11
2023-09-12 23:58:06.452991 [info] : Client[29](127.0.0.1:25303) quit, UserCount:10
2023-09-12 23:58:06.452997 [info] : Client[28](127.0.0.1:61655) in, userCount:10
2023-09-12 23:58:06.453002 [info] : Client[35](127.0.0.1:38103) quit, UserCount:10
2023-09-12 23:58:06.453107 [info] : Client[24](127.0.0.1:22231) quit, UserCount:9
2023-09-12 23:58:06.453023 [info] : Client[37](127.0.0.1:41687) quit, UserCount:9
2023-09-12 23:58:06.453068 [info] : Client[28] in!
2023-09-12 23:58:06.453202 [info] : Client[31](127.0.0.1:65239) in, userCount:10
2023-09-12 23:58:06.453226 [info] : Client[31] in!
2023-09-12 23:58:06.453255 [info] : Client[24](127.0.0.1:3800) in, userCount:11
2023-09-12 23:58:06.453280 [info] : Client[24] in!
2023-09-12 23:58:06.453313 [info] : Client[32](127.0.0.1:728) in, userCount:12
2023-09-12 23:58:06.453353 [info] : Client[32] in!
2023-09-12 23:58:06.453386 [info] : Client[29](127.0.0.1:6872) in, userCount:13
2023-09-12 23:58:06.453410 [info] : Client[29] in!
2023-09-12 23:58:06.453431 [info] : Client[34](127.0.0.1:10968) in, userCount:14
2023-09-12 23:58:06.453452 [info] : Client[34] in!
2023-09-12 23:58:06.453470 [info] : Client[37](127.0.0.1:11480) in, userCount:15
2023-09-12 23:58:06.453486 [info] : Client[37] in!
2023-09-12 23:58:06.453502 [info] : Client[35](127.0.0.1:14040) in, userCount:16
2023-09-12 23:58:06.453518 [info] : Client[35] in!
2023-09-12 23:58:06.453579 [info] : Client[33] quit!
2023-09-12 23:58:06.453614 [info] : Client[30] quit!
2023-09-12 23:58:06.453624 [info] : Client[38] quit!
2023-09-12 23:58:06.453618 [info] : Client[26] quit!
2023-09-12 23:58:06.453641 [info] : Client[27] quit!
2023-09-12 23:58:06.453658 [info] : Client[23] quit!
2023-09-12 23:58:06.453581 [info] : Client[36] quit!
2023-09-12 23:58:06.453680 [info] : Client[18] quit!
2023-09-12 23:58:06.453682 [info] : Client[30](127.0.0.1:49367) quit, UserCount:14
2023-09-12 23:58:06.453724 [info] : Client[26](127.0.0.1:53463) quit, UserCount:11
2023-09-12 23:58:06.453726 [info] : Client[38](127.0.0.1:60631) quit, UserCount:11
2023-09-12 23:58:06.453748 [info] : Client[26](127.0.0.1:16600) in, userCount:11
2023-09-12 23:58:06.453743 [info] : Client[36](127.0.0.1:56535) quit, UserCount:11
2023-09-12 23:58:06.453744 [info] : Client[33](127.0.0.1:56023) quit, UserCount:11
2023-09-12 23:58:06.453774 [info] : Client[18](127.0.0.1:42199) quit, UserCount:10
2023-09-12 23:58:06.453872 [info] : Client[26] in!
2023-09-12 23:58:06.453898 [info] : Client[27](127.0.0.1:20696) in, userCount:10
2023-09-12 23:58:06.453919 [info] : Client[27] in!
2023-09-12 23:58:06.453938 [info] : Client[36](127.0.0.1:21208) in, userCount:11
2023-09-12 23:58:06.453946 [info] : Client[27](127.0.0.1:20696) quit, UserCount:11
2023-09-12 23:58:06.453961 [info] : Client[36] in!
2023-09-12 23:58:06.453940 [info] : Client[23](127.0.0.1:52439) quit, UserCount:11
2023-09-12 23:58:06.454008 [info] : Client[23](127.0.0.1:23768) in, userCount:12
2023-09-12 23:58:06.454024 [info] : Client[23] in!
2023-09-12 23:58:06.454041 [info] : Client[18](127.0.0.1:27864) in, userCount:13
2023-09-12 23:58:06.454056 [info] : Client[18] in!
2023-09-12 23:58:06.454075 [info] : Client[30](127.0.0.1:29912) in, userCount:14
2023-09-12 23:58:06.454090 [info] : Client[30] in!
2023-09-12 23:58:06.454109 [info] : Client[33](127.0.0.1:32984) in, userCount:15
2023-09-12 23:58:06.454124 [info] : Client[33] in!
2023-09-12 23:58:06.454140 [info] : Client[38](127.0.0.1:36568) in, userCount:16
2023-09-12 23:58:06.454160 [info] : Client[38] in!
2023-09-12 23:58:06.454229 [info] : Client[28] quit!
2023-09-12 23:58:06.454254 [info] : Client[34] quit!
2023-09-12 23:58:06.454233 [info] : Client[31] quit!
2023-09-12 23:58:06.454337 [info] : Client[34](127.0.0.1:10968) quit, UserCount:14
2023-09-12 23:58:06.454348 [info] : Client[35] quit!
2023-09-12 23:58:06.454230 [info] : Client[24] quit!
2023-09-12 23:58:06.454283 [info] : Client[32] quit!
2023-09-12 23:58:06.454373 [info] : Client[31](127.0.0.1:65239) quit, UserCount:13
2023-09-12 23:58:06.454230 [info] : Client[29] quit!
2023-09-12 23:58:06.454391 [info] : Client[28](127.0.0.1:38104) in, userCount:13
2023-09-12 23:58:06.454391 [info] : Client[37] quit!
2023-09-12 23:58:06.454409 [info] : Client[35](127.0.0.1:14040) quit, UserCount:12
2023-09-12 23:58:06.454421 [info] : Client[28] in!
2023-09-12 23:58:06.454445 [info] : Client[32](127.0.0.1:728) quit, UserCount:10
2023-09-12 23:58:06.454461 [info] : Client[24](127.0.0.1:40664) in, userCount:10
2023-09-12 23:58:06.454476 [info] : Client[37](127.0.0.1:11480) quit, UserCount:10
2023-09-12 23:58:06.454431 [info] : Client[24](127.0.0.1:3800) quit, UserCount:11
2023-09-12 23:58:06.454412 [info] : Client[28](127.0.0.1:38104) quit, UserCount:12
2023-09-12 23:58:06.454500 [info] : Client[24] in!
2023-09-12 23:58:06.454516 [info] : Client[31](127.0.0.1:43736) in, userCount:11
2023-09-12 23:58:06.454536 [info] : Client[31] in!
2023-09-12 23:58:06.454538 [info] : Client[29](127.0.0.1:6872) quit, UserCount:11
2023-09-12 23:58:06.454573 [info] : Client[40](127.0.0.1:45784) in, userCount:12
2023-09-12 23:58:06.454613 [info] : Client[40] in!
2023-09-12 23:58:06.454634 [info] : Client[29](127.0.0.1:47832) in, userCount:13
2023-09-12 23:58:06.454650 [info] : Client[29] in!
2023-09-12 23:58:06.454667 [info] : Client[34](127.0.0.1:52440) in, userCount:14
2023-09-12 23:58:06.454683 [info] : Client[34] in!
2023-09-12 23:58:06.454700 [info] : Client[32](127.0.0.1:52952) in, userCount:15
2023-09-12 23:58:06.454715 [info] : Client[32] in!
2023-09-12 23:58:06.454731 [info] : Client[35](127.0.0.1:56536) in, userCount:16
2023-09-12 23:58:06.454747 [info] : Client[35] in!
2023-09-12 23:58:06.454813 [info] : Client[38] quit!
2023-09-12 23:58:06.454815 [info] : Client[30] quit!
2023-09-12 23:58:06.454815 [info] : Client[36] quit!
2023-09-12 23:58:06.454818 [info] : Client[18] quit!
2023-09-12 23:58:06.454815 [info] : Client[27] quit!
2023-09-12 23:58:06.454830 [info] : Client[26] quit!
2023-09-12 23:58:06.454831 [info] : Client[33] quit!
2023-09-12 23:58:06.454834 [info] : Client[23] quit!
2023-09-12 23:58:06.454965 [info] : Client[38](127.0.0.1:36568) quit, UserCount:15
2023-09-12 23:58:06.455050 [info] : Client[30](127.0.0.1:55427) in, userCount:12
2023-09-12 23:58:06.454988 [info] : Client[36](127.0.0.1:21208) quit, UserCount:14
2023-09-12 23:58:06.455016 [info] : Client[30](127.0.0.1:55427) quit, UserCount:13
2023-09-12 23:58:06.455087 [info] : Client[33](127.0.0.1:32984) quit, UserCount:9
2023-09-12 23:58:06.455045 [info] : Client[27](127.0.0.1:20696) quit, UserCount:12
2023-09-12 23:58:06.455098 [info] : Client[23](127.0.0.1:23768) quit, UserCount:9
2023-09-12 23:58:06.455089 [info] : Client[30] in!
2023-09-12 23:58:06.455129 [info] : Client[18](127.0.0.1:27864) quit, UserCount:9
2023-09-12 23:58:06.455129 [info] : Client[26](127.0.0.1:16600) quit, UserCount:9
2023-09-12 23:58:06.455135 [info] : Client[18](127.0.0.1:6787) in, userCount:10
2023-09-12 23:58:06.455238 [info] : Client[18] in!
2023-09-12 23:58:06.455256 [info] : Client[26](127.0.0.1:57048) in, userCount:11
2023-09-12 23:58:06.455272 [info] : Client[26] in!
2023-09-12 23:58:06.455290 [info] : Client[23](127.0.0.1:59096) in, userCount:12
2023-09-12 23:58:06.455307 [info] : Client[23] in!
2023-09-12 23:58:06.455323 [info] : Client[27](127.0.0.1:62680) in, userCount:13
2023-09-12 23:58:06.455338 [info] : Client[27] in!
2023-09-12 23:58:06.455359 [info] : Client[37](127.0.0.1:1241) in, userCount:14
2023-09-12 23:58:06.455398 [info] : Client[37] in!
2023-09-12 23:58:06.455417 [info] : Client[39](127.0.0.1:5337) in, userCount:15
2023-09-12 23:58:06.455452 [info] : Client[39] in!
2023-09-12 23:58:06.455471 [info] : Client[33](127.0.0.1:8409) in, userCount:16
2023-09-12 23:58:06.455487 [info] : Client[33] in!
2023-09-12 23:58:06.455504 [info] : Client[36](127.0.0.1:10969) in, userCount:17
2023-09-12 23:58:06.455519 [info] : Client[36] in!
2023-09-12 23:58:06.455575 [info] : Client[28] quit!
2023-09-12 23:58:06.455578 [info] : Client[29] quit!
2023-09-12 23:58:06.455596 [info] : Client[32] quit!
2023-09-12 23:58:06.455629 [info] : Client[24] quit!
2023-09-12 23:58:06.455581 [info] : Client[34] quit!
2023-09-12 23:58:06.455651 [info] : Client[31] quit!
2023-09-12 23:58:06.455661 [info] : Client[40] quit!
2023-09-12 23:58:06.455641 [info] : Client[28](127.0.0.1:38104) quit, UserCount:16
2023-09-12 23:58:06.455658 [info] : Client[35] quit!
2023-09-12 23:58:06.455703 [info] : Client[29](127.0.0.1:47832) quit, UserCount:14
2023-09-12 23:58:06.455722 [info] : Client[31](127.0.0.1:43736) quit, UserCount:13
2023-09-12 23:58:06.455754 [info] : Client[28](127.0.0.1:15065) in, userCount:12
2023-09-12 23:58:06.455709 [info] : Client[32](127.0.0.1:52952) quit, UserCount:13
2023-09-12 23:58:06.455755 [info] : Client[40](127.0.0.1:45784) quit, UserCount:12
2023-09-12 23:58:06.455795 [info] : Client[28] in!
2023-09-12 23:58:06.455796 [info] : Client[34](127.0.0.1:52440) quit, UserCount:11
2023-09-12 23:58:06.455817 [info] : Client[35](127.0.0.1:56536) quit, UserCount:10
2023-09-12 23:58:06.455828 [info] : Client[24](127.0.0.1:19161) in, userCount:11
2023-09-12 23:58:06.455800 [info] : Client[24](127.0.0.1:40664) quit, UserCount:10
2023-09-12 23:58:06.455938 [info] : Client[24] in!
2023-09-12 23:58:06.455975 [info] : Client[34](127.0.0.1:21209) in, userCount:12
2023-09-12 23:58:06.456003 [info] : Client[34] in!
2023-09-12 23:58:06.456026 [info] : Client[29](127.0.0.1:20697) in, userCount:13
2023-09-12 23:58:06.456042 [info] : Client[29] in!
2023-09-12 23:58:06.456059 [info] : Client[31](127.0.0.1:21721) in, userCount:14
2023-09-12 23:58:06.456075 [info] : Client[31] in!
2023-09-12 23:58:06.456091 [info] : Client[32](127.0.0.1:25305) in, userCount:15
2023-09-12 23:58:06.456106 [info] : Client[32] in!
2023-09-12 23:58:06.456124 [info] : Client[35](127.0.0.1:27865) in, userCount:16
2023-09-12 23:58:06.456139 [info] : Client[35] in!
2023-09-12 23:58:06.456156 [info] : Client[38](127.0.0.1:28889) in, userCount:17
2023-09-12 23:58:06.456172 [info] : Client[38] in!
2023-09-12 23:58:06.456230 [info] : Client[27] quit!
2023-09-12 23:58:06.456235 [info] : Client[23] quit!
2023-09-12 23:58:06.456286 [info] : Client[36] quit!
2023-09-12 23:58:06.456301 [info] : Client[30] quit!
2023-09-12 23:58:06.456256 [info] : Client[26] quit!
2023-09-12 23:58:06.456342 [info] : Client[36](127.0.0.1:10969) quit, UserCount:14
2023-09-12 23:58:06.456347 [info] : Client[39] quit!
2023-09-12 23:58:06.456359 [info] : Client[33] quit!
2023-09-12 23:58:06.456379 [info] : Client[23](127.0.0.1:59096) quit, UserCount:13
2023-09-12 23:58:06.456386 [info] : Client[18] quit!
2023-09-12 23:58:06.456293 [info] : Client[37] quit!
2023-09-12 23:58:06.456397 [info] : Client[30](127.0.0.1:55427) quit, UserCount:12
2023-09-12 23:58:06.456437 [info] : Client[33](127.0.0.1:8409) quit, UserCount:11
2023-09-12 23:58:06.456429 [info] : Client[39](127.0.0.1:5337) quit, UserCount:10
2023-09-12 23:58:06.456440 [info] : Client[26](127.0.0.1:57048) quit, UserCount:11
2023-09-12 23:58:06.456471 [info] : Client[37](127.0.0.1:1241) quit, UserCount:9
2023-09-12 23:58:06.456607 [info] : Client[18](127.0.0.1:6787) quit, UserCount:9
2023-09-12 23:58:06.456405 [info] : Client[27](127.0.0.1:62680) quit, UserCount:12
2023-09-12 23:58:06.456532 [info] : Client[23](127.0.0.1:31961) in, userCount:9
2023-09-12 23:58:06.456673 [info] : Client[23] in!
2023-09-12 23:58:06.456702 [info] : Client[18](127.0.0.1:32473) in, userCount:10
2023-09-12 23:58:06.456743 [info] : Client[18] in!
2023-09-12 23:58:06.456765 [info] : Client[26](127.0.0.1:34521) in, userCount:11
2023-09-12 23:58:06.456781 [info] : Client[26] in!
2023-09-12 23:58:06.456797 [info] : Client[27](127.0.0.1:37593) in, userCount:12
2023-09-12 23:58:06.456813 [info] : Client[27] in!
2023-09-12 23:58:06.456829 [info] : Client[30](127.0.0.1:41177) in, userCount:13
2023-09-12 23:58:06.456845 [info] : Client[30] in!
2023-09-12 23:58:06.456861 [info] : Client[33](127.0.0.1:40665) in, userCount:14
2023-09-12 23:58:06.456876 [info] : Client[33] in!
2023-09-12 23:58:06.456893 [info] : Client[36](127.0.0.1:44761) in, userCount:15
2023-09-12 23:58:06.456908 [info] : Client[36] in!
2023-09-12 23:58:06.456925 [info] : Client[37](127.0.0.1:51417) in, userCount:16
2023-09-12 23:58:06.456941 [info] : Client[37] in!
2023-09-12 23:58:06.456957 [info] : Client[39](127.0.0.1:47321) in, userCount:17
2023-09-12 23:58:06.456972 [info] : Client[39] in!
2023-09-12 23:58:06.457025 [info] : Client[28] quit!
2023-09-12 23:58:06.457039 [info] : Client[38] quit!
2023-09-12 23:58:06.457070 [info] : Client[34] quit!
2023-09-12 23:58:06.457063 [info] : Client[31] quit!
2023-09-12 23:58:06.457090 [info] : Client[28](127.0.0.1:15065) quit, UserCount:16
2023-09-12 23:58:06.457042 [info] : Client[29] quit!
2023-09-12 23:58:06.457111 [info] : Client[24] quit!
2023-09-12 23:58:06.457105 [info] : Client[35] quit!
2023-09-12 23:58:06.457038 [info] : Client[32] quit!
2023-09-12 23:58:06.457137 [info] : Client[34](127.0.0.1:21209) quit, UserCount:14
2023-09-12 23:58:06.457173 [info] : Client[38](127.0.0.1:28889) quit, UserCount:12
2023-09-12 23:58:06.457186 [info] : Client[31](127.0.0.1:21721) quit, UserCount:12
2023-09-12 23:58:06.457204 [info] : Client[29](127.0.0.1:20697) quit, UserCount:10
2023-09-12 23:58:06.457204 [info] : Client[24](127.0.0.1:19161) quit, UserCount:10
2023-09-12 23:58:06.457231 [info] : Client[35](127.0.0.1:27865) quit, UserCount:10
2023-09-12 23:58:06.457231 [info] : Client[32](127.0.0.1:25305) quit, UserCount:10
2023-09-12 23:58:06.457226 [info] : Client[24](127.0.0.1:52441) in, userCount:10
2023-09-12 23:58:06.457271 [info] : Client[24] in!
2023-09-12 23:58:06.457295 [info] : Client[28](127.0.0.1:53977) in, userCount:11
2023-09-12 23:58:06.457312 [info] : Client[28] in!
2023-09-12 23:58:06.457337 [info] : Client[29](127.0.0.1:54489) in, userCount:12
2023-09-12 23:58:06.457354 [info] : Client[29] in!
2023-09-12 23:58:06.457371 [info] : Client[32](127.0.0.1:57049) in, userCount:13
2023-09-12 23:58:06.457389 [info] : Client[32] in!
2023-09-12 23:58:06.457406 [info] : Client[31](127.0.0.1:60633) in, userCount:14
2023-09-12 23:58:06.457422 [info] : Client[31] in!
2023-09-12 23:58:06.457440 [info] : Client[34](127.0.0.1:58585) in, userCount:15
2023-09-12 23:58:06.457459 [info] : Client[34] in!
2023-09-12 23:58:06.457476 [info] : Client[38](127.0.0.1:61657) in, userCount:16
2023-09-12 23:58:06.457516 [info] : Client[38] in!
2023-09-12 23:58:06.457539 [info] : Client[35](127.0.0.1:62169) in, userCount:17
2023-09-12 23:58:06.457555 [info] : Client[35] in!
2023-09-12 23:58:06.457616 [info] : Client[26] quit!
2023-09-12 23:58:06.457631 [info] : Client[27] quit!
2023-09-12 23:58:06.457655 [info] : Client[18] quit!
2023-09-12 23:58:06.457707 [info] : Client[36] quit!
2023-09-12 23:58:06.457635 [info] : Client[37] quit!
2023-09-12 23:58:06.457735 [info] : Client[26](127.0.0.1:34521) quit, UserCount:15
2023-09-12 23:58:06.457700 [info] : Client[33] quit!
2023-09-12 23:58:06.457761 [info] : Client[18](127.0.0.1:32473) quit, UserCount:13
2023-09-12 23:58:06.457620 [info] : Client[39] quit!
2023-09-12 23:58:06.457757 [info] : Client[30] quit!
2023-09-12 23:58:06.457792 [info] : Client[23] quit!
2023-09-12 23:58:06.457776 [info] : Client[18](127.0.0.1:730) in, userCount:13
2023-09-12 23:58:06.457773 [info] : Client[36](127.0.0.1:44761) quit, UserCount:12
2023-09-12 23:58:06.457731 [info] : Client[27](127.0.0.1:37593) quit, UserCount:15
2023-09-12 23:58:06.457830 [info] : Client[33](127.0.0.1:40665) quit, UserCount:12
2023-09-12 23:58:06.457840 [info] : Client[18] in!
2023-09-12 23:58:06.457923 [info] : Client[23](127.0.0.1:3290) in, userCount:10
2023-09-12 23:58:06.457887 [info] : Client[37](127.0.0.1:51417) quit, UserCount:9
2023-09-12 23:58:06.457958 [info] : Client[23] in!
2023-09-12 23:58:06.457993 [info] : Client[33](127.0.0.1:5850) in, userCount:11
2023-09-12 23:58:06.458020 [info] : Client[33] in!
2023-09-12 23:58:06.458042 [info] : Client[26](127.0.0.1:9946) in, userCount:12
2023-09-12 23:58:06.457928 [info] : Client[30](127.0.0.1:41177) quit, UserCount:10
2023-09-12 23:58:06.457970 [info] : Client[39](127.0.0.1:47321) quit, UserCount:10
2023-09-12 23:58:06.458147 [info] : Client[26] in!
2023-09-12 23:58:06.457936 [info] : Client[23](127.0.0.1:3290) quit, UserCount:10
2023-09-12 23:58:06.458197 [info] : Client[27](127.0.0.1:8922) in, userCount:13
2023-09-12 23:58:06.458223 [info] : Client[27] in!
2023-09-12 23:58:06.458247 [info] : Client[36](127.0.0.1:16090) in, userCount:14
2023-09-12 23:58:06.458262 [info] : Client[36] in!
2023-09-12 23:58:06.458280 [info] : Client[30](127.0.0.1:17626) in, userCount:15
2023-09-12 23:58:06.458296 [info] : Client[30] in!
2023-09-12 23:58:06.458313 [info] : Client[37](127.0.0.1:18138) in, userCount:16
2023-09-12 23:58:06.458329 [info] : Client[37] in!
2023-09-12 23:58:06.458346 [info] : Client[39](127.0.0.1:18650) in, userCount:17
2023-09-12 23:58:06.458363 [info] : Client[39] in!
2023-09-12 23:58:06.458424 [info] : Client[29] quit!
2023-09-12 23:58:06.458442 [info] : Client[24] quit!
2023-09-12 23:58:06.458443 [info] : Client[28] quit!
2023-09-12 23:58:06.458467 [info] : Client[31] quit!
2023-09-12 23:58:06.458470 [info] : Client[35] quit!
2023-09-12 23:58:06.458470 [info] : Client[34] quit!
2023-09-12 23:58:06.458544 [info] : Client[28](127.0.0.1:53977) quit, UserCount:13
2023-09-12 23:58:06.458462 [info] : Client[32] quit!
2023-09-12 23:58:06.458561 [info] : Client[38] quit!
2023-09-12 23:58:06.458572 [info] : Client[35](127.0.0.1:62169) quit, UserCount:12
2023-09-12 23:58:06.458568 [info] : Client[29](127.0.0.1:54489) quit, UserCount:12
2023-09-12 23:58:06.458605 [info] : Client[24](127.0.0.1:21210) in, userCount:12
2023-09-12 23:58:06.458618 [info] : Client[24](127.0.0.1:21210) quit, UserCount:11
2023-09-12 23:58:06.458643 [info] : Client[24] in!
2023-09-12 23:58:06.458611 [info] : Client[34](127.0.0.1:58585) quit, UserCount:12
2023-09-12 23:58:06.458707 [info] : Client[28](127.0.0.1:22234) in, userCount:11
2023-09-12 23:58:06.458605 [info] : Client[31](127.0.0.1:60633) quit, UserCount:12
2023-09-12 23:58:06.458645 [info] : Client[38](127.0.0.1:61657) quit, UserCount:10
2023-09-12 23:58:06.458629 [info] : Client[32](127.0.0.1:57049) quit, UserCount:10
2023-09-12 23:58:06.458738 [info] : Client[28] in!
2023-09-12 23:58:06.458798 [info] : Client[32](127.0.0.1:26330) in, userCount:12
2023-09-12 23:58:06.458824 [info] : Client[32] in!
2023-09-12 23:58:06.458858 [info] : Client[31](127.0.0.1:30426) in, userCount:13
2023-09-12 23:58:06.458888 [info] : Client[31] in!
2023-09-12 23:58:06.458949 [info] : Client[35](127.0.0.1:32986) in, userCount:14
2023-09-12 23:58:06.458971 [info] : Client[35] in!
2023-09-12 23:58:06.458988 [info] : Client[29](127.0.0.1:35034) in, userCount:15
2023-09-12 23:58:06.459005 [info] : Client[29] in!
2023-09-12 23:58:06.459021 [info] : Client[38](127.0.0.1:35546) in, userCount:16
2023-09-12 23:58:06.459037 [info] : Client[38] in!
2023-09-12 23:58:06.459054 [info] : Client[41](127.0.0.1:37594) in, userCount:17
2023-09-12 23:58:06.459070 [info] : Client[41] in!
2023-09-12 23:58:06.459133 [info] : Client[18] quit!
2023-09-12 23:58:06.459133 [info] : Client[33] quit!
2023-09-12 23:58:06.459172 [info] : Client[39] quit!
2023-09-12 23:58:06.459152 [info] : Client[27] quit!
2023-09-12 23:58:06.459167 [info] : Client[30] quit!
2023-09-12 23:58:06.459157 [info] : Client[37] quit!
2023-09-12 23:58:06.459166 [info] : Client[23] quit!
2023-09-12 23:58:06.459241 [info] : Client[33](127.0.0.1:5850) quit, UserCount:14
2023-09-12 23:58:06.459169 [info] : Client[26] quit!
2023-09-12 23:58:06.459198 [info] : Client[18](127.0.0.1:730) quit, UserCount:16
2023-09-12 23:58:06.459274 [info] : Client[27](127.0.0.1:8922) quit, UserCount:13
2023-09-12 23:58:06.459276 [info] : Client[39](127.0.0.1:18650) quit, UserCount:13
2023-09-12 23:58:06.459352 [info] : Client[30](127.0.0.1:17626) quit, UserCount:10
2023-09-12 23:58:06.459280 [info] : Client[36] quit!
2023-09-12 23:58:06.459326 [info] : Client[18](127.0.0.1:38106) in, userCount:12
2023-09-12 23:58:06.459383 [info] : Client[23](127.0.0.1:3290) quit, UserCount:10
2023-09-12 23:58:06.459362 [info] : Client[37](127.0.0.1:18138) quit, UserCount:10
2023-09-12 23:58:06.459392 [info] : Client[26](127.0.0.1:9946) quit, UserCount:10
2023-09-12 23:58:06.459385 [info] : Client[18] in!
2023-09-12 23:58:06.459428 [info] : Client[33](127.0.0.1:39642) in, userCount:10
2023-09-12 23:58:06.459432 [info] : Client[36](127.0.0.1:16090) quit, UserCount:10
2023-09-12 23:58:06.459450 [info] : Client[33] in!
2023-09-12 23:58:06.459468 [info] : Client[23](127.0.0.1:41178) in, userCount:11
2023-09-12 23:58:06.459484 [info] : Client[23] in!
2023-09-12 23:58:06.459506 [info] : Client[27](127.0.0.1:40666) in, userCount:12
2023-09-12 23:58:06.459524 [info] : Client[27] in!
2023-09-12 23:58:06.459542 [info] : Client[26](127.0.0.1:42202) in, userCount:13
2023-09-12 23:58:06.459558 [info] : Client[26] in!
2023-09-12 23:58:06.459575 [info] : Client[30](127.0.0.1:45786) in, userCount:14
2023-09-12 23:58:06.459592 [info] : Client[30] in!
2023-09-12 23:58:06.459609 [info] : Client[34](127.0.0.1:47322) in, userCount:15
2023-09-12 23:58:06.459625 [info] : Client[34] in!
2023-09-12 23:58:06.459641 [info] : Client[36](127.0.0.1:48858) in, userCount:16
2023-09-12 23:58:06.459656 [info] : Client[36] in!
2023-09-12 23:58:06.459673 [info] : Client[37](127.0.0.1:50906) in, userCount:17
